0000 ExoPlanetIspitK2-18b/Exoplanet 001 i 002 K2-18b/jw02722-o002_t001_miri_p750l-slitlessprism_whtlt.ecsv
# %ECSV 1.0
# ---
# datatype:
# - {name: MJD, datatype: float64}
# - {name: whitelight_flux, datatype: float64}
# meta: !!omap
# - {instrument: MIRI}
# - {detector: MIRIMAGE}
# - {exp_type: MIR_LRS-SLITLESS}
# - {subarray: SLITLESSPRISM}
# - {filter: P750L}
# - {pupil: null}
# - {target_name: K2-18}
# - {number_of_integrations: 5095}
# schema: astropy-2.0
MJD whitelight_flux
[from data line 3094]
60426.11579817355 7.360403605067097
60426.11584603382 7.3420401978792125
60426.11589389409 7.356243150835972
60426.11594175436 7.344170095637116
60426.11598961463 7.341495877942255
60426.1160374749 7.333174331447565
60426.11608533516 7.368255327891713
60426.116133195435 7.3395440330467
60426.1161810557 7.3542759713551025
60426.11622891597 7.343590771438803
60426.11627677624 7.359898539566597
60426.11632463651 7.356715524017398
60426.11637249678 7.354141921777566
60426.11642035705 7.343391979735242
60426.11646821732 7.337735660809772
60426.116516077585 7.372044457085362
60426.11656393786 7.331533603576774
60426.11661179812 7.366003607225495
60426.11665965839 7.333689362786953
60426.11670751866 7.355078859503589
60426.11675537893 7.3519348370408455
60426.1168032392 7.340478707027968
60426.11685109947 7.354121840293741
60426.116898959735 7.363672475917026
60426.11694682001 7.348312401760837
60426.11699468028 7.3412450970300025
60426.11704254054 7.35493489481358
60426.11709040082 7.363081379851893
60426.11713826108 7.334509712678081
60426.11718612135 7.3279031679133
60426.11723398162 7.347648672160829
60426.117281841885 7.36957430571122
60426.11732970216 7.347005642473013
60426.11737756243 7.345479878782237
60426.11742542269 7.3587938418322825
60426.11747328297 7.338967352532611
60426.117521143235 7.353439784341244
60426.1175690035 7.3511299583359495
60426.117616863776 7.3519899917079155
60426.117664724035 7.356061755502687
60426.11771258431 7.348715266256421
60426.11776044458 7.355714060272186
60426.11780830484 7.344062315943935
60426.11785616512 7.366184639998965
60426.117904025385 7.3465275277668
60426.11795188565 7.343121421668412
60426.117999745926 7.353901963457033
60426.11804760619 7.343537715630878
60426.11809546646 7.345694421603431
60426.118143326734 7.347566886870586
60426.11819118699 7.347371112462863
60426.11823904727 7.369027952104206
60426.118286907535 7.352120355509244
60426.1183347678 7.362420840181674
60426.118382628076 7.329684522280473
60426.11843048834 7.351289185496565
60426.11847834861 7.363214399478457
60426.118526208884 7.361525634908201
60426.11857406915 7.340980352498385
60426.11862192942 7.364055222181042
60426.11866978969 7.344137066129223
60426.11871764995 7.364990151067474
60426.118765510226 7.342079059660429
60426.11881337049 7.369580518952842
60426.11886123076 7.348765569591892
60426.118909091034 7.332737204815617
60426.1189569513 7.336762925632874
60426.11900481157 7.374977403059239
60426.11905267184 7.345680411489242
60426.11910053211 7.372315671189764
60426.119148392376 7.343309002706931
60426.11919625265 7.348623704696065
60426.11924411291 7.355334556429389
60426.119291973184 7.347398885886438
60426.11933983345 7.339553476419688
60426.11938769372 7.360239848954921
60426.11943555399 7.341737062609238
60426.11948341426 7.355859707497432
60426.119531274526 7.349287422409251
60426.1195791348 7.351316424664018
60426.11962699507 7.332785480834395
60426.119674855334 7.351680311682812
60426.11972271561 7.352848032753746
60426.11977057587 7.353721619334559
60426.11981843614 7.357763738272047
60426.11986629641 7.348566076666007
60426.119914156676 7.350586591617265
60426.11996201695 7.356991581168424
60426.12000987722 7.333463194665956
60426.120057737484 7.3532805811872874
60426.12010559776 7.34064031975989
60426.12015345802 7.332618262210119
60426.12020131829 7.360948232367361
60426.12024917856 7.352730159225627
60426.120297038826 7.3455157284829005
60426.1203448991 7.352073290991179
60426.12039275937 7.354077830589246
60426.120440619634 7.358353092119074
60426.12048847991 7.3425994832486445
60426.120536340175 7.35024906036807
60426.12058420044 7.352782980449534
60426.120632060716 7.332019794177321
60426.120679920976 7.351005707833024
60426.12072778125 7.3581593565844905
60426.12077564152 7.366287443929034
60426.120823501784 7.364565178007332
60426.12087136206 7.339205626202938
60426.120919222325 7.356018422425937
60426.12096708259 7.3615017031912515
60426.121014942866 7.338449833305577
60426.12106280313 7.35965254385466
60426.1211106634 7.351101677151279
60426.121158523674 7.349460954568368
60426.121206383934 7.350119345166732
60426.12125424421 7.342857752431423
60426.121302104475 7.3401407129229215
60426.12134996474 7.360726768932153
60426.121397825016 7.354787226858933
60426.12144568528 7.354800034307122
60426.12149354555 7.349659627432182
60426.121541405824 7.356814754646585
60426.12158926609 7.345810557355065
60426.12163712636 7.3726137387980675
60426.12168498663 7.362277846735006
60426.12173284689 7.343970810984638
60426.121780707166 7.361776854142792
60426.12182856743 7.34683101584136
60426.1218764277 7.358462173014969
60426.121924287974 7.364602677678377
60426.12197214824 7.3459531484472755
60426.12202000851 7.355107095160582
60426.12206786878 7.347399881215148
60426.12211572905 7.348205176598147
60426.122163589316 7.338330548366665
60426.12221144959 7.361086008036411
60426.12225930985 7.3505840688455155
60426.122307170124 7.343027670769532
60426.12235503039 7.368011573644443
60426.12240289066 7.345950457986734
60426.12245075093 7.363409359707848
60426.1224986112 7.356625853770568
60426.122546471466 7.357580896292694
60426.12259433174 7.348567585993676
60426.12264219201 7.356897397596086
60426.122690052274 7.350777904876709
60426.12273791255 7.358095945360475
60426.12278577281 7.3587043808910995
60426.12283363308 7.368081386305791
60426.12288149335 7.3391550509470775
60426.122929353616 7.367860387265959
60426.12297721389 7.3493754976812475
60426.12302507416 7.3336074533869215
60426.123072934424 7.3528282079901945
60426.1231207947 7.340195459137478
60426.123168654965 7.330962524034771
60426.12321651523 7.347373300067503
60426.12326437551 7.354817472307378
60426.123312235766 7.355842906165611
60426.12336009604 7.363312985841836
60426.12340795631 7.347099802314043
60426.123455816574 7.351696719796237
60426.12350367685 7.343954665377783
60426.123551537115 7.346341916257888
60426.12359939738 7.365881437124771
60426.12364725766 7.373190443393055
60426.12369511792 7.3537447652422845
60426.12374297819 7.349850054421022
60426.123790838465 7.348694493573985
60426.123838698724 7.352118023232595
60426.123886559 7.329864305098465
60426.123934419265 7.331608799801108
60426.12398227953 7.36121856881085
60426.12403013981 7.366682114182096
60426.12407800007 7.357517989728899
60426.12412586034 7.3553257089455135
60426.124173720615 7.357046031827169
60426.12422158088 7.348890072603193
60426.12426944115 7.342782854328364
60426.12431730142 7.356324629281868
60426.12436516168 7.363021824617327
60426.12441302196 7.3437511914683915
60426.12446088222 7.344313718105887
60426.12450874249 7.341086422923744
60426.124556602765 7.3471744353617
60426.12460446303 7.352484977970141
60426.1246523233 7.358474298782697
60426.12470018357 7.35692838429539
60426.12474804384 7.352457830117784
60426.12479590411 7.35174222784722
60426.12484376438 7.3667920571586425
60426.12489162464 7.337650643198399
60426.124939484915 7.370019985407474
60426.12498734518 7.343673450656747
60426.12503520545 7.359588432735164
60426.12508306572 7.356534779494446
60426.12513092599 7.364896838053233
60426.12517878626 7.3578227697463205
60426.12522664653 7.349477201307408
60426.1252745068 7.349880280915055
60426.125322367065 7.363712426346
60426.12537022734 7.351825632014918
60426.1254180876 7.329881375632176
60426.12546594787 7.35554479631252
60426.12551380814 7.344819599944635
60426.12556166841 7.335742231249778
60426.12560952868 7.3627110605795565
60426.12565738895 7.353208872667054
60426.125705249215 7.356800983912995
60426.12575310949 7.34789910524172
60426.125800969756 7.355550821744169
60426.12584883002 7.367214027417038
60426.1258966903 7.342275159711911
60426.12594455056 7.341288744230785
60426.12599241083 7.351478022818028
60426.1260402711 7.3547160919223415
60426.126088131365 7.367087325576611
60426.12613599164 7.353702728237499
60426.126183851906 7.342970930638296
60426.12623171217 7.343619522743051
60426.12627957245 7.333197331471418
60426.12632743271 7.3478217288490315
60426.12637529298 7.3614270622671825
60426.12642315325 7.358526282383426
60426.126471013515 7.335255961711352
60426.12651887379 7.345961373811092
60426.126566734056 7.34550824847595
60426.12661459432 7.3553394437702995
60426.1266624546 7.345101207760048
60426.126710314864 7.35870931070312
60426.12675817513 7.348334294729536
60426.126806035405 7.350512922056996
60426.126853895665 7.354758020277023
60426.12690175594 7.351362230939482
60426.126949616206 7.34769959936294
60426.12699747647 7.337431074457947
60426.12704533675 7.360152120924168
60426.127093197014 7.37323630548332
60426.12714105728 7.340304932806032
60426.127188917555 7.340513228705154
60426.12723677782 7.3552206774914985
60426.12728463809 7.344257765641435
60426.12733249836 7.347377738012481
60426.12738035862 7.35847767071148
60426.1274282189 7.337448565871174
60426.127476079164 7.33267764226102
60426.12752393943 7.353485202463704
60426.127571799705 7.368662054872313
60426.12761965997 7.3469322662998024
60426.12766752024 7.35102090117733
60426.12771538051 7.332389666320946
60426.12776324078 7.362329925573249
60426.12781110105 7.340072415496274
60426.12785896132 7.347893014710969
60426.12790682158 7.379023442671171
60426.127954681855 7.3492651303375425
60426.12800254212 7.344122608736821
60426.12805040239 7.356672504545269
60426.12809826266 7.349390464538783
60426.12814612293 7.3742216054353324
60426.1281939832 7.349312251077023
60426.12824184347 7.347821736898852
60426.12828970374 7.3538092509065525
60426.128337564005 7.355083654368469
60426.12838542428 7.348617761148601
60426.12843328454 7.364669129921394
60426.12848114481 7.3555077670177855
60426.12852900508 7.343448073662655
60426.12857686535 7.355111408753519
60426.12862472562 7.351514442592581
60426.12867258589 7.363717033433936
60426.128720446155 7.354392208447222
60426.12876830643 7.343583728596722
60426.128816166696 7.348673795788351
60426.12886402696 7.34179791204391
60426.12891188724 7.354230964064131
60426.1289597475 7.345271007296763
60426.12900760777 7.3639613708154945
60426.12905546804 7.351085310808184
60426.129103328305 7.352677605520012
60426.12915118858 7.352253967122643
60426.129199048846 7.363422819595819
60426.12924690911 7.3457440524901845
60426.12929476939 7.347589220542743
60426.129342629654 7.344692460625026
60426.12939048992 7.331563185289224
60426.129438350195 7.351827606400434
60426.129486210455 7.356243149996603
60426.12953407073 7.346010354530022
60426.129581930996 7.376516747359512
60426.12962979126 7.349029287268218
60426.12967765154 7.353465460754128
60426.129725511804 7.349770978023233
60426.12977337207 7.343359822268531
60426.129821232345 7.343171142957107
60426.12986909261 7.338962844627482
60426.12991695288 7.342358704192055
60426.12996481315 7.339778280090316
60426.13001267341 7.341507358924052
60426.13006053369 7.348104752930286
60426.130108393954 7.343600333934553
60426.13015625422 7.340005725395001
60426.130204114495 7.3533301589398
60426.13025197476 7.341349532494252
60426.13029983503 7.331384023319757
60426.1303476953 7.364023275181749
60426.13039555557 7.359991421837967
60426.13044341584 7.35906385193269
60426.13049127611 7.360487661456166
60426.13053913637 7.360920132526668
60426.130586996645 7.366112618479457
60426.13063485691 7.345964865371976
60426.13068271718 7.354126038864015
60426.13073057745 7.3472559052613144
60426.13077843772 7.368039452383448
60426.13082629799 7.3520451509084745
60426.13087415826 7.33798654140308
60426.13092201853 7.367853541540416
60426.130969878795 7.358669977419444
60426.13101773907 7.353112350105549
60426.13106559933 7.3403418461215235
60426.1311134596 7.351474365100063
60426.13116131987 7.369592905168872
60426.13120918014 7.344707264704789
60426.13125704041 7.351315385585961
60426.13130490068 7.367843326427284
60426.131352760945 7.346265347727033
60426.13140062122 7.340804596279434
60426.13144848149 7.381316286509788
60426.13149634175 7.346290104581971
60426.13154420203 7.346344535920449
60426.13159206229 7.3536876158984885
60426.13163992256 7.349810087905194
60426.13168778283 7.3677520741110065
60426.131735643095 7.356151987125397
60426.13178350337 7.337102745331228
60426.13183136364 7.351387847671699
60426.1318792239 7.352557775776766
60426.13192708418 7.357447133352711
60426.131974944445 7.3492174051588925
60426.13202280471 7.340912558403234
60426.13207066498 7.342282302113226
60426.132118525245 7.346085139032187
60426.13216638552 7.348181392278148
60426.13221424579 7.359764105123556
60426.13226210605 7.35237767128146
60426.13230996633 7.3491125611593695
60426.132357826595 7.342322543696558
60426.13240568686 7.367296545044955
60426.132453547136 7.338284036096755
60426.132501407395 7.346587978911241
60426.13254926767 7.349884839229459
60426.13259712794 7.347307388307417
60426.1326449882 7.345566582896755
60426.13269284848 7.3268503588842
60426.132740708745 7.375749464183812
60426.13278856901 7.330462214735917
60426.132836429286 7.363807015866348
60426.13288428955 7.346465369155092
60426.13293214982 7.3500608511533745
60426.132980010094 7.353126966758257
60426.13302787035 7.356072856653565
60426.13307573063 7.353226050338279
60426.133123590895 7.338658233493519
60426.13317145116 7.341094665366683
60426.133219311436 7.360561072667622
60426.1332671717 7.353221202836555
60426.13331503197 7.352403430931206
60426.133362892244 7.347888267131932
60426.13341075251 7.358294906397971
60426.13345861278 7.338181022131893
60426.13350647305 7.35681413674836
60426.13355433331 7.350823326439638
60426.133602193586 7.362782737991986
60426.13365005385 7.341906181686118
60426.13369791412 7.344334288643614
60426.133745774394 7.358812595656253
60426.13379363466 7.347508669358975
60426.13384149493 7.349127821368487
60426.1338893552 7.353980538626494
60426.13393721547 7.341434966508159
60426.133985075736 7.357465469774294
60426.13403293601 7.3430501090643325
60426.13408079627 7.3498960632087
60426.134128656544 7.33819610094959
60426.13417651681 7.35915421796719
60426.13422437708 7.346236903953229
60426.13427223735 7.352941182044497
60426.13432009762 7.345038242634407
60426.134367957886 7.349099506189094
60426.13441581816 7.343827606469359
60426.13446367843 7.359372407258428
60426.134511538694 7.36581414846057
60426.13455939897 7.3429547480146
60426.13460725923 7.361614754396484
60426.1346551195 7.34082778404737
60426.13470297977 7.357054462665394
60426.134750840036 7.355540624834681
60426.13479870031 7.340005975443633
60426.13484656058 7.347642305675768
60426.134894420844 7.345078981895659
60426.13494228112 7.3654697585250215
60426.134990141385 7.345196162614037
60426.13503800165 7.3620435293398385
60426.135085861926 7.373331343684665
60426.135133722186 7.342437560443692
60426.13518158246 7.327175606837766
60426.13522944273 7.354777416325593
60426.135277302994 7.3503738083197945
60426.13532516327 7.366490035506678
60426.135373023535 7.348750182121703
60426.1354208838 7.354546370274275
60426.135468744076 7.347301158568584
60426.13551660434 7.3529702578569935
60426.13556446461 7.344569069346717
60426.135612324884 7.361318191039517
60426.135660185144 7.340862393260908
60426.13570804542 7.349605037878137
60426.135755905685 7.352873754580585
60426.13580376595 7.3551479608035555
60426.135851626226 7.355342256512081
60426.13589948649 7.337785998833915
60426.13594734676 7.346385181741754
60426.135995207034 7.364767222054205
60426.1360430673 7.345977983971002
60426.13609092757 7.338878671908606
60426.13613878784 7.351935823548265
60426.1361866481 7.33829236474214
60426.136234508376 7.357010280799382
60426.13628236864 7.354066305099021
60426.13633022891 7.342736607890103
60426.136378089184 7.360363058464813
60426.13642594945 7.3393154207895215
60426.13647380972 7.364216799775461
60426.13652166999 7.353261379515669
60426.13656953026 7.3453635082936
60426.136617390526 7.359503793125487
60426.1366652508 7.3533041570586075
60426.13671311106 7.365994431093815
60426.136760971334 7.369762449122359
60426.1368088316 7.342832697081326
60426.13685669187 7.352766887332336
