0000 ExoPlanetIspitK2-18b/Exoplanet 001 i 002 K2-18b/jw02722-o002_t001_miri_p750l-slitlessprism_whtlt.ecsv
# %ECSV 1.0
# ---
# datatype:
# - {name: MJD, datatype: float64}
# - {name: whitelight_flux, datatype: float64}
# meta: !!omap
# - {instrument: MIRI}
# - {detector: MIRIMAGE}
# - {exp_type: MIR_LRS-SLITLESS}
# - {subarray: SLITLESSPRISM}
# - {filter: P750L}
# - {pupil: null}
# - {target_name: K2-18}
# - {number_of_integrations: 5095}
# schema: astropy-2.0
MJD whitelight_flux
[from data line 3536]
60426.13695241241 7.35821815427459
60426.137000272676 7.350967559816739
60426.13704813295 7.350957347485444
60426.13709599322 7.349955055449378
60426.137143853484 7.3493830064434125
60426.13719171376 7.364427426646745
60426.13723957402 7.331715675743704
60426.13728743429 7.367262182212048
60426.13733529456 7.346274513464929
60426.137383154826 7.351839169956674
60426.1374310151 7.367930022397777
60426.13747887537 7.351090224703173
60426.137526735634 7.3579636809363365
60426.13757459591 7.338714395318247
60426.137622456175 7.360014571336144
60426.13767031644 7.344298110747644
60426.13771817672 7.354298593070635
60426.137766036976 7.345898909989062
60426.13781389725 7.3461862185705105
60426.13786175752 7.339996053172955
60426.137909617784 7.337117776888137
60426.13795747806 7.356109672596942
60426.138005338325 7.350071117479587
60426.13805319859 7.36595403810065
60426.13810105887 7.350201056423243
60426.138148919126 7.341478267947662
60426.1381967794 7.338430252685408
60426.13824463967 7.347467228465902
60426.138292499934 7.366322909206648
60426.13834036021 7.364020625052909
60426.138388220475 7.327235113763402
60426.13843608074 7.342993847749456
60426.13848394102 7.3533996834566855
60426.13853180128 7.338447279549078
60426.13857966155 7.356743050694751
60426.138627521825 7.366564505650006
60426.138675382084 7.337039173765088
60426.13872324236 7.355807211079929
60426.138771102625 7.340759071663039
60426.13881896289 7.347562459585177
60426.13886682317 7.351940828026784
60426.13891468343 7.35417859414332
60426.1389625437 7.337876102686582
60426.139010403975 7.358471090008547
60426.13905826424 7.341838231488009
60426.13910612451 7.342084947688699
60426.13915398478 7.357178475206176
60426.13920184504 7.318719004011227
60426.13924970532 7.370333954475441
60426.13929756558 7.344357330568354
60426.13934542585 7.349946117453661
60426.139393286125 7.347378367197598
60426.13944114639 7.349890707259375
60426.13948900666 7.3569302398168634
60426.13953686693 7.352063623288774
60426.1395847272 7.345381656924889
60426.13963258747 7.347538669281718
60426.13968044774 7.356144312993733
60426.139728308 7.355315758110102
60426.139776168275 7.352795689491696
60426.13982402854 7.343107848852372
60426.13987188881 7.377670102941609
60426.13991974908 7.3301220592531084
60426.13996760935 7.349184552621745
60426.14001546962 7.355031459251975
60426.14006332989 7.3537147006765915
60426.14011119016 7.353248671862971
60426.140159050425 7.358875180560043
60426.1402069107 7.350875475839121
60426.14025477096 7.357437450164573
60426.14030263123 7.362503751666617
60426.1403504915 7.368329300491462
60426.14039835177 7.356304785365436
60426.14044621204 7.3338174800351545
60426.14049407231 7.353740572669425
60426.140541932575 7.356720584304426
60426.14058979285 7.3513865902809705
60426.140637653116 7.354905167965178
60426.14068551338 7.340432548822866
60426.14073337366 7.338957214938647
60426.14078123392 7.34737655916234
60426.14082909419 7.344683544966694
60426.14087695446 7.341874643411447
60426.140924814725 7.356559913783816
60426.140972675 7.346102385920986
60426.141020535266 7.328312298454016
60426.14106839553 7.341987969890184
60426.14111625581 7.349906108099967
60426.141164116074 7.364789397285733
60426.14121197634 7.336384467265038
60426.141259836615 7.343327703439085
60426.141307696875 7.353440254184859
60426.14135555715 7.368525226810777
60426.141403417416 7.357975503151245
60426.14145127768 7.3333622377305625
60426.14149913796 7.336674230442037
60426.141546998224 7.3576326197018735
60426.14159485849 7.357021479308376
60426.141642718765 7.359555166326748
60426.14169057903 7.356012061132903
60426.1417384393 7.365543498429503
60426.14178629957 7.343828274221075
60426.14183415983 7.371768827117367
60426.14188202011 7.335514907518844
60426.141929880374 7.340569180937175
60426.14197774064 7.3574218137660425
60426.142025600915 7.351132628840396
60426.14207346118 7.3519044890300735
60426.14212132145 7.363079481696831
60426.14216918172 7.363692874625039
60426.14221704199 7.354981300504448
60426.14226490226 7.324088472351474
60426.14231276253 7.356289765840934
60426.14236062279 7.35430243033219
60426.142408483065 7.342390221612681
60426.14245634333 7.345762935998138
60426.1425042036 7.352834480952148
60426.14255206387 7.358191448840342
60426.14259992414 7.350337829300166
60426.14264778441 7.361926320867289
60426.14269564468 7.338011152610925
60426.14274350495 7.370911081714841
60426.142791365215 7.346804263543497
60426.14283922549 7.356626513568486
60426.14288708575 7.336504818211097
60426.14293494602 7.345228401662833
60426.14298280629 7.346519933898655
60426.14303066656 7.3620467029805745
60426.14307852683 7.343349820948707
60426.1431263871 7.3276810373605965
60426.143174247365 7.374600998997854
60426.14322210764 7.355939560567103
60426.143269967906 7.364018770359701
60426.14331782817 7.342451921901626
60426.14336568845 7.354247818547979
60426.14341354871 7.34732347167547
60426.14346140898 7.346919174234669
60426.14350926925 7.339609536950154
60426.143557129515 7.340484229443444
60426.14360498979 7.364845431237528
60426.143652850056 7.347100327734799
60426.14370071032 7.358539323835624
60426.1437485706 7.347910231425805
60426.143796430864 7.354040219417198
60426.14384429113 7.353027505912021
60426.143892151405 7.364465270954009
60426.143940011665 7.348738050602083
60426.14398787194 7.365919643172715
60426.144035732206 7.358692336369719
60426.14408359247 7.356526979166443
60426.14413145275 7.356853137533244
60426.144179313014 7.330585719772399
60426.14422717328 7.348874668821194
60426.144275033555 7.344989723164418
60426.144322893815 7.34693742822963
60426.14437075409 7.354113816170888
60426.144418614356 7.349345314153333
60426.14446647462 7.3717807486980185
60426.1445143349 7.360561198531315
60426.144562195164 7.3461954417549755
60426.14461005543 7.356519873280212
60426.144657915705 7.340663885648878
60426.14470577597 7.347565561681865
60426.14475363624 7.353236489463837
60426.14480149651 7.356804195179357
60426.14484935677 7.3188015356970535
60426.14489721705 7.34920224564538
60426.144945077314 7.344458564350306
60426.14499293758 7.356924392650596
60426.145040797855 7.3464158804467
60426.14508865812 7.35195536399212
60426.14513651839 7.356203827965587
60426.14518437866 7.354340808066161
60426.14523223893 7.345023370559476
60426.1452800992 7.355579316062125
60426.14532795947 7.3525671417700105
60426.14537581973 7.342231454050807
60426.145423680005 7.338359057278155
60426.14547154027 7.365101275898455
60426.14551940054 7.356514863442939
60426.14556726081 7.347017496146237
60426.14561512108 7.343037791975535
60426.14566298135 7.348585629697878
60426.14571084162 7.346016363061752
60426.14575870189 7.344111713116561
60426.145806562155 7.356865214208392
60426.14585442243 7.333625488873384
60426.14590228269 7.352264532218061
60426.14595014296 7.348807735586356
60426.14599800323 7.367407020145821
60426.1460458635 7.3652010792848746
60426.14609372377 7.332748582238757
60426.14614158404 7.353740994512412
60426.146189444305 7.349300171806378
60426.14623730458 7.344884463299137
60426.14628516485 7.362216108183378
60426.14633302511 7.338884940820923
60426.14638088539 7.357252719420984
60426.14642874565 7.34617076082967
60426.14647660592 7.359974240527175
60426.14652446619 7.334987343203606
60426.146572326455 7.367883399432989
60426.14662018673 7.381920451251551
60426.146668047 7.3367352714547085
60426.14671590726 7.341283416719012
60426.14676376754 7.345304325456699
60426.146811627805 7.362169589795196
60426.14685948807 7.34636162334535
60426.146907348346 7.3676318996199495
60426.146955208606 7.343564406669364
60426.14700306888 7.346874223405724
60426.14705092915 7.339476356706532
60426.14709878941 7.344020118468874
60426.14714664969 7.34124653465895
60426.147194509955 7.372741029248623
60426.14724237022 7.349999039108935
60426.147290230496 7.338625188761563
60426.14733809076 7.3542326689984545
60426.14738595103 7.344922897327422
60426.147433811304 7.368694807135028
60426.14748167156 7.340920709289101
60426.14752953184 7.363008607081829
60426.147577392105 7.353166109610285
60426.14762525237 7.347593724181492
60426.147673112646 7.3644634879756365
60426.14772097291 7.351725118280349
60426.14776883318 7.3540453631757945
60426.147816693454 7.361489055366056
60426.14786455372 7.3358934851443
60426.14791241399 7.367085258539515
60426.14796027426 7.3438598216450455
60426.14800813452 7.345483222941589
60426.148055994796 7.3493620535922695
60426.14810385506 7.361779626015508
60426.14815171533 7.349229385106966
60426.148199575604 7.342990577241783
60426.14824743587 7.350043346128299
60426.14829529614 7.350722733244343
60426.14834315641 7.35010703893032
60426.14839101668 7.344695609281261
60426.148438876946 7.349948679422757
60426.14848673722 7.34343138839785
60426.14853459748 7.351820008305134
60426.148582457754 7.364401280528846
60426.14863031802 7.352229146177354
60426.14867817829 7.3384264839613085
60426.14872603856 7.350951712547104
60426.14877389883 7.352969199022814
60426.148821759096 7.342258732139111
60426.14886961937 7.347159323757882
60426.14891747964 7.3449833438811005
60426.148965339904 7.342825458507555
60426.14901320018 7.34369390471688
60426.14906106044 7.35061929991342
60426.14910892071 7.350056269069696
60426.14915678098 7.347279497821482
60426.149204641246 7.371334204522693
60426.14925250152 7.3608952868517505
60426.14930036179 7.352247310697076
60426.149348222054 7.370572454905883
60426.14939608233 7.346070195649121
60426.149443942595 7.3592047978127955
60426.14949180286 7.364827563244143
60426.149539663136 7.343111711837965
60426.149587523396 7.358015260377912
60426.14963538367 7.355133579932971
60426.14968324394 7.35213569173556
60426.149731104204 7.358499117416729
60426.14977896448 7.360771032321885
60426.149826824745 7.355151901049135
60426.14987468501 7.359012893254331
60426.149922545286 7.361744133912877
60426.14997040555 7.354576571357864
60426.15001826582 7.3478638304915105
60426.150066126094 7.343823348045033
60426.150113986354 7.349215590366102
60426.15016184663 7.370799819591985
60426.150209706895 7.3346753494190144
60426.15025756716 7.353264831715311
60426.150305427436 7.360203222971189
60426.1503532877 7.365290750368691
60426.15040114797 7.354949056256842
60426.150449008244 7.361816422004964
60426.150496868504 7.3617748055083805
60426.15054472878 7.344877817329876
60426.150592589045 7.356317982316637
60426.15064044931 7.3470118067207695
60426.150688309586 7.365136918220399
60426.15073616985 7.343544146634073
60426.15078403012 7.348387655827351
60426.150831890394 7.365028136421865
60426.15087975066 7.352021144391868
60426.15092761093 7.348709114008683
60426.1509754712 7.3549423167823065
60426.15102333146 7.3606464857584
60426.151071191736 7.344546857770705
60426.151119052 7.349993293140724
60426.15116691227 7.348899439649184
60426.151214772544 7.346155647626309
60426.15126263281 7.3353522201678345
60426.15131049308 7.3419562807177865
60426.15135835335 7.353171290393279
60426.15140621362 7.355395172725926
60426.151454073886 7.34895983292516
60426.15150193416 7.370082060331499
60426.15154979442 7.350887461963691
60426.151597654694 7.332016666600789
60426.15164551496 7.352359283683895
60426.15169337523 7.327557792135082
60426.1517412355 7.359411872090887
60426.15178909577 7.363322631503252
60426.151836956036 7.340325028259381
60426.15188481631 7.346389445535117
60426.15193267658 7.336057225623284
60426.151980536844 7.352575141673961
60426.15202839712 7.360770864612581
60426.15207625738 7.356834041111981
60426.15212411765 7.355609131498859
60426.15217197792 7.346515193909058
60426.152219838186 7.340343966124216
60426.15226769846 7.3504188274540745
60426.15231555873 7.344576774139057
60426.152363418994 7.3451150238970495
60426.15241127927 7.345663015893091
60426.152459139535 7.354053524733274
60426.1525069998 7.3589780582273505
60426.15255486008 7.358131219777513
60426.152602720336 7.360220911188142
60426.15265058061 7.344956068095421
60426.15269844088 7.352185889526724
60426.152746301144 7.350929886114149
60426.15279416142 7.353926375050126
60426.152842021686 7.342241629980629
60426.15288988195 7.361914882790318
60426.15293774223 7.355645917474265
60426.15298560249 7.341833623009533
60426.15303346276 7.344123081640218
60426.153081323035 7.354149572347451
60426.153129183294 7.346420244949707
60426.15317704357 7.353132856924036
60426.153224903836 7.345321647735304
60426.1532727641 7.356582093592763
60426.15332062438 7.356486825344696
60426.15336848464 7.361428327545006
60426.15341634491 7.36278129622788
60426.153464205185 7.353210220492876
60426.15351206545 7.351215551183531
60426.15355992572 7.34011787128645
60426.15360778599 7.354514664126863
60426.15365564625 7.351445946584771
60426.15370350653 7.354437916494653
60426.15375136679 7.355609678884944
60426.15379922706 7.343628285176845
60426.153847087335 7.3504243500576045
60426.1538949476 7.335742087888091
60426.15394280787 7.366275109213893
60426.15399066814 7.3508777820377516
60426.15403852841 7.360605914096688
60426.15408638868 7.358779530582119
60426.15413424895 7.3526619440198875
60426.15418210921 7.3508902173504005
60426.154229969485 7.342590980754631
60426.15427782975 7.348349611550153
60426.15432569002 7.351592683919757
60426.15437355029 7.32865291534465
60426.15442141056 7.346546575579305
60426.15446927083 7.358182953944363
60426.1545171311 7.357082139832711
60426.15456499137 7.342390493471829
60426.154612851635 7.3485362137222605
60426.15466071191 7.361095325843301
60426.15470857217 7.351317081449553
60426.15475643244 7.351660535212515
60426.15480429271 7.364293069926423
60426.15485215298 7.348951016037909
60426.15490001325 7.334882294849695
60426.15494787352 7.358778610901966
60426.154995733785 7.342605809828709
60426.15504359406 7.358497755193593
60426.155091454326 7.356939178859805
60426.15513931459 7.368615762639223
60426.15518717487 7.3538066609978205
60426.15523503513 7.3499052047186435
60426.1552828954 7.353813596567402
60426.15533075567 7.363358286918489
60426.155378615935 7.348441037164681
60426.15542647621 7.345672684401306
60426.155474336476 7.360167145385095
60426.15552219674 7.33094995831749
60426.15557005702 7.347292020834363
60426.155617917284 7.361412762149708
60426.15566577755 7.343753198469303
60426.155713637825 7.35556770282146
60426.155761498085 7.356733405365724
60426.15580935836 7.339673442469726
60426.155857218626 7.352088123556003
60426.15590507889 7.371051490090432
60426.15595293917 7.3242098475184765
60426.156000799434 7.356397844551705
60426.1560486597 7.345375696983416
60426.156096519975 7.3596764329881434
60426.15614438024 7.3447323660236465
60426.15619224051 7.342068058514146
60426.15624010078 7.369768234568581
60426.15628796104 7.353272871536614
60426.15633582132 7.357488854921764
60426.156383681584 7.351044010140127
60426.15643154185 7.3569038493820305
60426.156479402125 7.349075091733905
60426.15652726239 7.354261340507691
60426.15657512266 7.335556029979569
60426.15662298293 7.3464117984822295
60426.15667084319 7.32765753246675
60426.15671870347 7.365614374268945
60426.156766563734 7.3515823670520355
60426.156814424 7.34141075144691
60426.156862284275 7.35899506604237
60426.15691014454 7.3652454575242
60426.15695800481 7.343842644646442
60426.15700586508 7.355419529254812
60426.15705372535 7.353680738953846
60426.15710158562 7.349742726263505
60426.15714944589 7.339693895443569
60426.15719730615 7.351839113801988
60426.157245166425 7.347031984687577
60426.15729302669 7.355679582628939
60426.15734088696 7.3614741393768135
60426.15738874723 7.350613114943917
60426.1574366075 7.361798383738895
60426.15748446777 7.330678026302598
60426.15753232804 7.344591674085399
60426.15758018831 7.344801662773216
60426.157628048575 7.35292994518354
60426.15767590885 7.354334417427043
60426.15772376911 7.33689134583971
60426.15777162938 7.34174243291109
60426.15781948965 7.33757814317644
60426.15786734992 7.349066428766044
60426.15791521019 7.342745244142409
60426.15796307046 7.347694118914809
60426.158010930725 7.376278768400924
