0000 ExoPlanetIspitK2-18b/Exoplanet 001 i 002 K2-18b/jw02722-o002_t001_miri_p750l-slitlessprism_whtlt.ecsv
# %ECSV 1.0
# ---
# datatype:
# - {name: MJD, datatype: float64}
# - {name: whitelight_flux, datatype: float64}
# meta: !!omap
# - {instrument: MIRI}
# - {detector: MIRIMAGE}
# - {exp_type: MIR_LRS-SLITLESS}
# - {subarray: SLITLESSPRISM}
# - {filter: P750L}
# - {pupil: null}
# - {target_name: K2-18}
# - {number_of_integrations: 5095}
# schema: astropy-2.0
MJD whitelight_flux
[from data line 443]
60425.988920600685 7.377662056312765
60425.98896846095 7.361987937546962
60425.989016321226 7.369391385827679
60425.989064181485 7.372154209942677
60425.98911204176 7.35998230951356
60425.98915990203 7.359630005622315
60425.98920776229 7.361744136949609
60425.98925562257 7.363566478905694
60425.989303482835 7.367424235269564
60425.9893513431 7.382835690853561
60425.989399203376 7.3867336066117115
60425.98944706364 7.352242924731266
60425.98949492391 7.361405504261881
60425.989542784184 7.390233882523922
60425.98959064444 7.367784427139137
60425.98963850472 7.366190696078087
60425.989686364985 7.351686743091193
60425.98973422525 7.340850722757679
60425.989782085526 7.356312214273285
60425.98982994579 7.376787733128108
60425.98987780606 7.370770808090547
60425.989925666334 7.3702711037175614
60425.9899735266 7.362835263768208
60425.99002138687 7.356386348735808
60425.99006924714 7.368476693199176
60425.9901171074 7.357561519389904
60425.990164967676 7.361002020335963
60425.99021282794 7.383145197926414
60425.99026068821 7.355122692791465
60425.990308548484 7.379345428196879
60425.99035640875 7.375166101605847
60425.99040426902 7.3550344634967395
60425.99045212929 7.365691021721426
60425.99049998956 7.375423814779264
60425.990547849826 7.371153056504232
60425.9905957101 7.378261241130621
60425.99064357036 7.363665889981915
60425.990691430634 7.370221681686552
60425.9907392909 7.358864046511014
60425.99078715117 7.358936130357403
60425.99083501144 7.359586735023713
60425.99088287171 7.357471059040677
60425.990930731976 7.369327329334805
60425.99097859225 7.360031573541213
60425.99102645252 7.356375584483503
60425.991074312784 7.362560360630629
60425.99112217306 7.366871629037483
60425.99117003332 7.3887357787292345
60425.99121789359 7.368675914458427
60425.99126575386 7.3728617943972825
60425.991313614126 7.3599019995164445
60425.9913614744 7.362811159038733
60425.99140933467 7.369794665682993
60425.991457194934 7.363188822162201
60425.99150505521 7.378114201059237
60425.991552915475 7.376786957233068
60425.99160077574 7.3573633731839205
60425.991648636016 7.371625306847582
60425.991696496276 7.36810293232672
60425.99174435655 7.363211905529426
60425.99179221682 7.373088720924205
60425.991840077084 7.358368040243579
60425.99188793736 7.367340337491141
60425.991935797625 7.386325156578146
60425.99198365789 7.357786687059516
60425.992031518166 7.362217563127199
60425.99207937843 7.356750380405039
60425.9921272387 7.380648891232861
60425.99217509897 7.370929330832363
60425.992222959234 7.354911257047718
60425.99227081951 7.36379124905447
60425.992318679775 7.3668762573502224
60425.99236654004 7.356972653439704
60425.992414400316 7.385125930799547
60425.99246226058 7.363454675690669
60425.99251012085 7.350992899585819
60425.992557981124 7.371209184390626
60425.992605841384 7.3635295147209
60425.99265370166 7.364433947419622
60425.992701561925 7.393434025497974
60425.99274942219 7.382936150012052
60425.992797282466 7.36574824188265
60425.99284514273 7.370054674137773
60425.992893003 7.354261344923726
60425.992940863274 7.370382209066923
60425.99298872354 7.364087177826235
60425.99303658381 7.366502172609021
60425.99308444408 7.357311102150081
60425.99313230434 7.362433446042263
60425.993180164616 7.353671169693733
60425.99322802488 7.371185419065229
60425.99327588515 7.353045646668594
60425.993323745424 7.37554132517773
60425.99337160569 7.376465466783436
60425.99341946596 7.354957417506687
60425.99346732623 7.360693827493426
60425.9935151865 7.363530370234146
60425.993563046766 7.364930145855332
60425.99361090704 7.349097333287825
60425.9936587673 7.363979154992605
60425.993706627574 7.359112349210859
60425.99375448784 7.375466970079604
60425.99380234811 7.380441803145817
60425.99385020838 7.358162032652986
60425.99389806865 7.3719740338608055
60425.993945928916 7.375883966449589
60425.99399378919 7.3727997929190945
60425.99404164946 7.367108824924205
60425.994089509724 7.365950596883374
60425.99413737 7.34727802799363
60425.99418523026 7.361062575248974
60425.99423309053 7.362619716447291
60425.9942809508 7.36272420615933
60425.994328811066 7.363920267874389
60425.99437667134 7.346566409479741
60425.99442453161 7.3561040484499856
60425.994472391874 7.356841533394535
60425.99452025215 7.370176626391791
60425.994568112415 7.358792926687819
60425.99461597268 7.3808536642729425
60425.99466383296 7.367586165901361
60425.994711693216 7.368768721809119
60425.99475955349 7.34415389110911
60425.99480741376 7.3647499200017545
60425.994855274024 7.3769351953073485
60425.9949031343 7.372148445547887
60425.994950994565 7.355128254033721
60425.99499885483 7.353596729175695
60425.99504671511 7.362718681389431
60425.99509457537 7.360904957949849
60425.99514243564 7.372428654688539
60425.995190295915 7.358630798171193
60425.995238156174 7.3653794754302595
60425.99528601645 7.3730071533623445
60425.995333876715 7.359017141757855
60425.99538173698 7.36259946160537
60425.99542959726 7.365695497930357
60425.99547745752 7.363944817916118
60425.99552531779 7.354635687063143
60425.995573178065 7.3475072954903276
60425.99562103833 7.375654543343975
60425.9956688986 7.371705770419526
60425.99571675887 7.3822651883112025
60425.99576461913 7.365823828073074
60425.99581247941 7.351241377627213
60425.99586033967 7.3613545074264435
60425.99590819994 7.368837952714962
60425.995956060215 7.375797653798111
60425.99600392048 7.365914976078933
60425.99605178075 7.373119237096845
60425.99609964102 7.357702642259902
60425.99614750129 7.359466632392573
60425.99619536156 7.361549444736696
60425.99624322183 7.36337629863719
60425.99629108209 7.39012115157195
60425.996338942365 7.360582423106075
60425.99638680263 7.373205320478418
60425.9964346629 7.348689890645049
60425.99648252317 7.371663738804212
60425.99653038344 7.360419713456433
60425.99657824371 7.36374375332116
60425.99662610398 7.372544129850129
60425.99667396425 7.383233505715742
60425.996721824515 7.356942171066027
60425.99676968479 7.364438652770329
60425.99681754505 7.348701806501127
60425.99686540532 7.363345871326881
60425.99691326559 7.379099174447458
60425.99696112586 7.370773793581836
60425.99700898613 7.351610318134211
60425.9970568464 7.368608140287282
60425.997104706665 7.368735151700758
60425.99715256694 7.3785202420754565
60425.997200427206 7.363727115571851
60425.99724828747 7.369900183350573
60425.99729614775 7.367251146332783
60425.99734400801 7.364413929950703
60425.99739186828 7.365033915193348
60425.99743972855 7.3679487130551635
60425.997487588815 7.3659466460550655
60425.99753544909 7.368647526177988
60425.997583309356 7.3628065955697934
60425.99763116962 7.370799715788582
60425.9976790299 7.363248418821891
60425.997726890164 7.363252759406162
60425.99777475043 7.367230622305291
60425.997822610705 7.3706098673761336
60425.997870470965 7.38284133757543
60425.99791833124 7.374726540203538
60425.997966191506 7.355105733108759
60425.99801405177 7.360147330141526
60425.99806191205 7.366132044789403
60425.998109772314 7.370434785312609
60425.99815763258 7.373919436420137
60425.998205492855 7.363690311317239
60425.99825335312 7.374587311677557
60425.99830121339 7.365690335196623
60425.998349073656 7.354310314301719
60425.99839693392 7.373458729472999
60425.9984447942 7.372726319767445
60425.998492654464 7.371065669971068
60425.99854051473 7.36660146700933
60425.998588375005 7.362762814769984
60425.99863623527 7.364543147437451
60425.99868409554 7.365280408340961
60425.99873195581 7.359131242333287
60425.99877981607 7.389901276440213
60425.99882767635 7.351468686266042
60425.998875536614 7.383166651123686
60425.99892339688 7.3801198451995145
60425.998971257155 7.3581402241150204
60425.99901911742 7.358395631157923
60425.99906697769 7.358325854182295
60425.99911483796 7.357772832845274
60425.99916269823 7.349884998673755
60425.9992105585 7.353765193384092
60425.99925841877 7.37151102529128
60425.99930627903 7.371386171807935
60425.999354139305 7.374266131240315
60425.99940199957 7.373893957230912
60425.99944985984 7.370646437694218
60425.99949772011 7.385804984913564
60425.99954558038 7.368597337582879
60425.99959344065 7.3763820060531575
60425.99964130092 7.357397317197657
60425.99968916119 7.34769444961182
60425.999737021455 7.380492546417996
60425.99978488173 7.358345509387517
60425.99983274199 7.34561836347199
60425.99988060226 7.378566298736777
60425.99992846253 7.360881264444196
60425.9999763228 7.3684988498477875
60426.00002418307 7.365145914473322
60426.00007204334 7.3669092848646835
60426.000119903605 7.372675468007753
60426.00016776388 7.365933098440273
60426.000215624146 7.362253276551085
60426.00026348441 7.368866880557599
60426.00031134469 7.380397962996911
60426.00035920495 7.3785714910856814
60426.00040706522 7.369911673667746
60426.00045492549 7.3564332819903555
60426.000502785755 7.378200244134737
60426.00055064603 7.356387868622486
60426.000598506296 7.367035593216292
60426.00064636656 7.386390326085754
60426.00069422684 7.384261180926529
60426.000742087104 7.374362113593603
60426.00078994737 7.351663353541891
60426.000837807645 7.352911058165871
60426.000885667905 7.363334605863761
60426.00093352818 7.372267699608404
60426.000981388446 7.375224504660546
60426.00102924871 7.370942169797413
60426.00107710899 7.358805089436801
60426.001124969254 7.372193717526686
60426.00117282952 7.355330021678865
60426.001220689795 7.3857686432755045
60426.00126855006 7.3655475379548605
60426.00131641033 7.3680787530609395
60426.0013642706 7.3704725349534765
60426.00141213086 7.375537400395027
60426.00145999114 7.376220193733188
60426.001507851404 7.3589926050599805
60426.00155571167 7.361581548207477
60426.001603571945 7.36744478548412
60426.00165143221 7.359403875711079
60426.00169929248 7.353364173055004
60426.00174715275 7.360138504825413
60426.00179501302 7.356570096996951
60426.00184287329 7.3707037041792045
60426.00189073356 7.3516877487556815
60426.00193859382 7.377157759126599
60426.001986454095 7.3629505898469025
60426.00203431436 7.387833102944597
60426.00208217463 7.369150998913904
60426.0021300349 7.34908665606414
60426.00217789517 7.3717312461049636
60426.00222575544 7.362195683666395
60426.00227361571 7.373362985345121
60426.00232147598 7.3781227136559595
60426.002369336245 7.35860860859647
60426.00241719652 7.379746462776023
60426.00246505678 7.364243514433014
60426.00251291705 7.3747002248916305
60426.00256077732 7.371339056688356
60426.00260863759 7.375721628798432
60426.00265649786 7.380558738263346
60426.00270435813 7.37646615119168
60426.002752218395 7.363996728891404
60426.00280007867 7.360025141188739
60426.00284793894 7.367862053408101
60426.0028957992 7.374826921647941
60426.00294365948 7.364078969463645
60426.00299151974 7.3620453108991315
60426.00303938001 7.358421782784257
60426.00308724028 7.360717001674817
60426.003135100545 7.376574463164509
60426.00318296082 7.379175092879329
60426.00323082109 7.347125432040867
60426.00327868135 7.3670001329157575
60426.00332654163 7.3619506597953865
60426.003374401895 7.377385759419608
60426.00342226216 7.366305423863621
60426.003470122436 7.3654513836033075
60426.003517982695 7.368473552985579
60426.00356584297 7.366270652620347
60426.00361370324 7.36365920550984
60426.0036615635 7.385111113875774
60426.00370942378 7.354151585545907
60426.003757284045 7.375542760789791
60426.00380514431 7.362350434792074
60426.003853004586 7.367257803277743
60426.00390086485 7.374457387514877
60426.00394872512 7.381209679465451
60426.003996585394 7.38411647921772
60426.00404444565 7.368406455141048
60426.00409230593 7.39491154086897
60426.004140166195 7.3490211956718205
60426.00418802646 7.3658411344687575
60426.004235886736 7.33891551760823
60426.004283747 7.370147352761958
60426.00433160727 7.363508923144449
60426.004379467544 7.354550752268649
60426.0044273278 7.3697952463538305
60426.00447518808 7.371973635796955
60426.004523048345 7.360117825163947
60426.00457090861 7.370982488478038
60426.004618768886 7.371563538762922
60426.00466662915 7.369722406304079
60426.00471448942 7.364778321323725
60426.004762349694 7.369402541249629
60426.00481020996 7.362791998408363
60426.00485807023 7.366360937244892
60426.0049059305 7.366984277194765
60426.00495379076 7.381096541087013
60426.005001651036 7.360394347468784
60426.0050495113 7.365819981572316
60426.00509737157 7.380978195862472
60426.005145231844 7.362044365640497
60426.00519309211 7.363176121671386
60426.00524095238 7.3638856503360275
60426.00528881265 7.365374421593878
60426.00533667292 7.361436447393853
60426.005384533186 7.374539715758504
60426.00543239346 7.376698631281762
60426.00548025372 7.352401366814902
60426.005528113994 7.378823164684877
60426.00557597426 7.364761437616306
60426.00562383453 7.363373869836355
60426.0056716948 7.3629124227056675
60426.00571955507 7.361323409592375
60426.005767415336 7.346366478293618
60426.00581527561 7.380978611197069
60426.00586313588 7.366785367761439
60426.005910996144 7.36634601735496
60426.00595885642 7.344198525897438
60426.00600671668 7.382877038884944
60426.00605457695 7.362739495837705
60426.00610243722 7.3671866534672485
60426.006150297486 7.3645973680909975
60426.00619815776 7.366992150374654
60426.00624601803 7.3813081775208005
60426.006293878294 7.377384406471802
60426.00634173857 7.3575313278327705
60426.006389598835 7.3626255027968615
60426.0064374591 7.354309581063749
60426.006485319376 7.35896357118135
60426.006533179636 7.375616956471832
60426.00658103991 7.381362058986529
60426.00662890018 7.356266127222073
60426.006676760444 7.367027236531396
60426.00672462072 7.374525657662066
60426.006772480985 7.376381367509393
60426.00682034125 7.374015260909126
60426.006868201526 7.366763568826915
60426.00691606179 7.371972829604088
60426.00696392206 7.359981496178728
60426.007011782334 7.375564398223801
60426.007059642594 7.3674686037675325
60426.00710750287 7.376440603018159
60426.007155363135 7.36615441261177
60426.0072032234 7.359841415004042
60426.007251083676 7.348533189201156
60426.00729894394 7.369075256075311
60426.00734680421 7.374038774952283
60426.007394664484 7.373514196023577
60426.00744252475 7.363533816734341
60426.00749038502 7.371018786330989
60426.00753824529 7.371327627424801
60426.00758610555 7.36892084615687
60426.007633965826 7.36155874324073
60426.00768182609 7.3622104463161016
60426.00772968636 7.3517306012002805
60426.007777546634 7.373556325443543
60426.0078254069 7.36018992334258
60426.00787326717 7.3844160316992955
60426.00792112744 7.363569599973395
60426.00796898771 7.366113706263363
60426.008016847976 7.379906287374447
60426.00806470825 7.36632640615459
60426.00811256851 7.374514048412771
60426.008160428784 7.3586216454308815
60426.00820828905 7.355143150628191
60426.00825614932 7.369166043213863
60426.00830400959 7.397900861935389
60426.00835186986 7.373010654876078
60426.008399730126 7.366311498855441
60426.0084475904 7.3619221113889575
60426.00849545067 7.375988128397154
60426.008543310934 7.356254693254017
60426.00859117121 7.370719141001915
60426.00863903147 7.35275788932607
60426.00868689174 7.38481487336876
60426.00873475201 7.362120884364808
60426.008782612276 7.3611018324773
60426.00883047255 7.3678021811836825
60426.00887833282 7.379376962916595
60426.008926193084 7.365973634708748
60426.00897405336 7.379256446296692
60426.009021913625 7.348624263918294
60426.00906977389 7.367077936728132
60426.00911763417 7.365792746088001
60426.009165494426 7.357402567642493
60426.0092133547 7.360809478447228
60426.00926121497 7.375699238773176
60426.009309075234 7.344999129107407
60426.00935693551 7.3833231028892055
60426.009404795775 7.371266704906594
60426.00945265604 7.363316598448558
60426.00950051632 7.346387198601504
60426.00954837658 7.370508182807812
60426.00959623685 7.36592390181971
60426.009644097125 7.372016279716467
60426.009691957384 7.368759560923662
60426.00973981766 7.3692393465782455
60426.009787677925 7.368858132967663
60426.00983553819 7.3533327392907175
60426.00988339847 7.374699534972121
60426.00993125873 7.3683215687724175
