0000 ExoPlanetIspitK2-18b/Exoplanet 001 i 002 K2-18b/jw02722-o002_t001_miri_p750l-slitlessprism_whtlt.ecsv
# %ECSV 1.0
# ---
# datatype:
# - {name: MJD, datatype: float64}
# - {name: whitelight_flux, datatype: float64}
# meta: !!omap
# - {instrument: MIRI}
# - {detector: MIRIMAGE}
# - {exp_type: MIR_LRS-SLITLESS}
# - {subarray: SLITLESSPRISM}
# - {filter: P750L}
# - {pupil: null}
# - {target_name: K2-18}
# - {number_of_integrations: 5095}
# schema: astropy-2.0
MJD whitelight_flux
[from data line 884]
60426.010026979275 7.353683821188293
60426.01007483954 7.3681206223651525
60426.01012269981 7.345274745517186
60426.01017056008 7.35988593449736
60426.01021842034 7.376682053262821
60426.01026628062 7.360132932996502
60426.01031414088 7.392390203868398
60426.01036200115 7.361862462953727
60426.010409861425 7.371360276243863
60426.01045772169 7.371686262782065
60426.01050558196 7.359286384031515
60426.01055344223 7.376561649811222
60426.01060130249 7.383267208654871
60426.01064916277 7.351053364007818
60426.01069702303 7.359840427210623
60426.0107448833 7.385399452696603
60426.010792743575 7.3629850450072105
60426.01084060384 7.3611772397025526
60426.01088846411 7.364687417838724
60426.01093632438 7.376259318232814
60426.01098418465 7.354012041882721
60426.01103204492 7.371257205955792
60426.01107990519 7.3484241843794464
60426.01112776545 7.364710061050586
60426.011175625725 7.379796866668045
60426.01122348599 7.352399578618529
60426.01127134626 7.3618089953399695
60426.01131920653 7.371249802345664
60426.0113670668 7.366959552038537
60426.01141492707 7.365250742280384
60426.01146278734 7.373844791193964
60426.01151064761 7.363475373313358
60426.011558507875 7.355978541254547
60426.01160636815 7.361510392095144
60426.01165422841 7.37588748621571
60426.01170208868 7.367514169799909
60426.01174994895 7.350157259356394
60426.01179780922 7.3772792186124665
60426.01184566949 7.366265903230658
60426.01189352976 7.376723926463853
60426.011941390025 7.354091875241938
60426.0119892503 7.373308555541734
60426.012037110566 7.372497155139942
60426.01208497083 7.364165752951895
60426.01213283111 7.394200393796952
60426.01218069137 7.366355856703938
60426.01222855164 7.361749663394521
60426.01227641191 7.376279516428356
60426.012324272175 7.377837178259068
60426.01237213245 7.365417474036927
60426.012419992716 7.369186186735137
60426.01246785298 7.358623909452723
60426.01251571326 7.3847167619446035
60426.012563573524 7.3617778285900854
60426.01261143379 7.362960499318849
60426.012659294065 7.370325131844043
60426.012707154325 7.3727866716630555
60426.0127550146 7.375783564284536
60426.012802874866 7.364313092246596
60426.01285073513 7.35679143661434
60426.01289859541 7.368921808408032
60426.012946455674 7.379310425032139
60426.01299431594 7.358165585181048
60426.013042176215 7.366274541833905
60426.01309003648 7.362048537797509
60426.01313789675 7.37440890828339
60426.01318575702 7.347609783600276
60426.01323361728 7.367590221821924
60426.01328147756 7.359958043843923
60426.013329337824 7.379581908675448
60426.01337719809 7.362357626528938
60426.013425058365 7.3533715615550665
60426.01347291863 7.357060439537554
60426.0135207789 7.358481332272984
60426.01356863917 7.380259856028404
60426.01361649944 7.366048270925134
60426.01366435971 7.371883123162116
60426.01371221998 7.380815854046926
60426.01376008024 7.3719173732849725
60426.013807940515 7.3640498039057665
60426.01385580078 7.366859713316959
60426.01390366105 7.3723413494263434
60426.01395152132 7.368059558884447
60426.01399938159 7.358199480303288
60426.01404724186 7.370696082295668
60426.01409510213 7.372135223445772
60426.0141429624 7.362553507980348
60426.014190822665 7.358810904882755
60426.01423868294 7.361888423141928
60426.0142865432 7.382492352731601
60426.01433440347 7.3650413360987415
60426.01438226374 7.365005614247737
60426.01443012401 7.370063054841704
60426.01447798428 7.349888054288105
60426.01452584455 7.356929668545682
60426.014573704815 7.371221298736611
60426.01462156509 7.368768318158356
60426.014669425356 7.361180786008871
60426.01471728562 7.358766722553463
60426.0147651459 7.363861080127741
60426.01481300616 7.350579166056479
60426.01486086643 7.367591671825435
60426.0149087267 7.36583884190313
60426.014956586965 7.371443908846315
60426.01500444724 7.375442719750657
60426.015052307506 7.359246666953394
60426.01510016777 7.353250828792289
60426.01514802805 7.3591915422801355
60426.015195888314 7.35991375293075
60426.01524374858 7.354484197277902
60426.015291608855 7.363194166290311
60426.015339469115 7.350653697680328
60426.01538732939 7.336274937763007
60426.015435189656 7.356925306095864
60426.01548304992 7.3728333567140325
60426.0155309102 7.387805168673536
60426.015578770464 7.363956886482077
60426.01562663073 7.382291183158657
60426.015674491005 7.376886226738618
60426.01572235127 7.357633911546438
60426.01577021154 7.364869381951205
60426.01581807181 7.36694023248141
60426.01586593207 7.370724347813777
60426.01591379235 7.3540912974979324
60426.015961652614 7.378032730695272
60426.01600951288 7.36107592816137
60426.016057373155 7.362815695691571
60426.01610523342 7.376633628299691
60426.01615309369 7.37521712242375
60426.01620095396 7.358306479534961
60426.01624881423 7.358840116045277
60426.0162966745 7.357718922673978
60426.01634453477 7.359384559459734
60426.01639239503 7.36756661014968
60426.016440255305 7.3683616957783995
60426.01648811557 7.371345459598269
60426.01653597584 7.361738669943344
60426.01658383611 7.360067204593689
60426.01663169638 7.358903806118578
60426.01667955665 7.377118134658506
60426.01672741692 7.375502458399485
60426.01677527718 7.3751364381808635
60426.016823137456 7.394209448749342
60426.01687099772 7.336438641048042
60426.01691885799 7.368086905641254
60426.01696671826 7.372723376875213
60426.01701457853 7.349870993645466
60426.0170624388 7.360733523463045
60426.01711029907 7.3667817438199465
60426.01715815934 7.372243843714198
60426.017206019606 7.347632004614896
60426.01725387988 7.360923362775
60426.01730174014 7.357034603034361
60426.01734960041 7.360974070529604
60426.01739746068 7.371785944263927
60426.01744532095 7.373850120646131
60426.01749318122 7.338183126861879
60426.01754104149 7.381406574748958
60426.017588901756 7.356834973461881
60426.01763676203 7.368653913689991
60426.0176846223 7.379708926970085
60426.01773248256 7.368717880731679
60426.01778034284 7.365585402597887
60426.0178282031 7.362583536294946
60426.01787606337 7.372509407819569
60426.01792392364 7.351009212229666
60426.017971783906 7.362489701616033
60426.01801964418 7.3648383136823075
60426.01806750445 7.372531472147051
60426.01811536471 7.363824312911689
60426.01816322499 7.347534701518373
60426.018211085255 7.3705715584734595
60426.01825894552 7.371832984892322
60426.018306805796 7.365638328156475
60426.018354666056 7.364185527916175
60426.01840252633 7.383010804748738
60426.0184503866 7.365850910087181
60426.01849824686 7.363007416866166
60426.01854610714 7.35658390086414
60426.018593967405 7.364060171314337
60426.01864182767 7.368487589194348
60426.018689687946 7.35455926585506
60426.01873754821 7.358754830372691
60426.01878540848 7.369911672450858
60426.018833268754 7.359466741387472
60426.01888112901 7.3924959316332295
60426.01892898929 7.356799433482571
60426.018976849555 7.369330604863745
60426.01902470982 7.367198473221807
60426.019072570096 7.364761895362344
60426.01912043036 7.362876227765164
60426.01916829063 7.357424490940583
60426.019216150904 7.357572800803851
60426.01926401117 7.362575584433571
60426.01931187144 7.356029119838653
60426.01935973171 7.362981677420693
60426.01940759197 7.371397562701935
60426.019455452246 7.367365480884915
60426.01950331251 7.367875686161389
60426.01955117278 7.3749582208755475
60426.019599033054 7.359857662936025
60426.01964689332 7.361495215868027
60426.01969475359 7.361754302278001
60426.01974261386 7.388883066575921
60426.01979047413 7.387055002410117
60426.019838334396 7.36567411909548
60426.01988619467 7.369520775225039
60426.01993405493 7.365594458739084
60426.019981915204 7.3657592597261985
60426.02002977547 7.364500453958554
60426.02007763574 7.376038161138515
60426.02012549601 7.377680676392336
60426.02017335628 7.356764240393293
60426.020221216546 7.377015531566432
60426.02026907682 7.385984552014483
60426.02031693709 7.377090419180089
60426.020364797354 7.357491064504062
60426.02041265763 7.360108426159396
60426.02046051789 7.364657754105366
60426.02050837816 7.359799590063979
60426.02055623843 7.377367346522204
60426.020604098696 7.356359568324472
60426.02065195897 7.3795108916891206
60426.02069981924 7.363467695102731
60426.020747679504 7.364218058400933
60426.02079553978 7.376897403298361
60426.020843400045 7.342372147084081
60426.02089126031 7.36495907330183
60426.020939120586 7.3670627332083
60426.020986980846 7.365418825698246
60426.02103484112 7.367455205684858
60426.02108270139 7.364894740622313
60426.021130561654 7.357239593975894
60426.02117842193 7.38761527747509
60426.021226282195 7.375041273275997
60426.02127414246 7.360244754496912
60426.021322002736 7.37011536375895
60426.021369863 7.3632047248473835
60426.02141772327 7.371442163414697
60426.021465583544 7.354041347766103
60426.021513443804 7.3598406207411164
60426.02156130408 7.355359582331078
60426.021609164345 7.3546418563030596
60426.02165702461 7.380198107439417
60426.021704884886 7.362496986146418
60426.02175274515 7.359366745848634
60426.02180060542 7.347026651375164
60426.021848465694 7.357681372696985
60426.02189632596 7.373727636468565
60426.02194418623 7.361405169434724
60426.0219920465 7.358547378450444
60426.02203990676 7.376524342896475
60426.022087767036 7.37458594112016
60426.0221356273 7.374582061538486
60426.02218348757 7.369746405338913
60426.022231347844 7.364889791441309
60426.02227920811 7.370865741729613
60426.02232706838 7.3688337951225495
60426.02237492865 7.378539635334544
60426.02242278892 7.349347976346738
60426.022470649186 7.360867719087858
60426.02251850946 7.366318797792786
60426.02256636972 7.372895263613407
60426.022614229994 7.378173561688319
60426.02266209026 7.363916653824555
60426.02270995053 7.35972242117907
60426.0227578108 7.359515292318613
60426.02280567107 7.382854454448331
60426.022853531336 7.355701364072452
60426.02290139161 7.357380464718763
60426.02294925187 7.359739938257925
60426.022997112144 7.359143199033564
60426.02304497241 7.362535318662868
60426.02309283268 7.367608864431066
60426.02314069295 7.366621804993633
60426.02318855322 7.354542216425582
60426.023236413486 7.358625236795305
60426.02328427376 7.366527238984176
60426.02333213403 7.366459449150648
60426.023379994294 7.374477088796076
60426.02342785457 7.354681406237415
60426.02347571483 7.368465693032188
60426.0235235751 7.353768200956139
60426.02357143537 7.342966628974663
60426.023619295636 7.371631899499169
60426.02366715591 7.365051217550194
60426.02371501618 7.3717614944541
60426.023762876444 7.347028448477376
60426.02381073672 7.366776060447828
60426.023858596986 7.364114666539722
60426.02390645725 7.3663294257367795
60426.02395431753 7.373242830218841
60426.024002177786 7.362944758723555
60426.02405003806 7.375893978605975
60426.02409789833 7.3487754502571025
60426.024145758594 7.363495532316185
60426.02419361887 7.378047372660648
60426.024241479136 7.34325202273688
60426.0242893394 7.375989615169025
60426.02433719968 7.3561135513589395
60426.02438505994 7.351801893069633
60426.02443292021 7.3585615377027676
60426.024480780485 7.372249193014548
60426.024528640744 7.35959827674083
60426.02457650102 7.36232439721069
60426.024624361286 7.367403080606804
60426.02467222155 7.365505116750717
60426.02472008183 7.36528284734257
60426.02476794209 7.361760000834134
60426.02481580236 7.363829644485294
60426.024863662635 7.350345189810795
60426.0249115229 7.359960099442074
60426.02495938317 7.36864154849064
60426.02500724344 7.382598087496021
60426.0250551037 7.36720959707071
60426.02510296398 7.3923086003415115
60426.02515082424 7.3579331265763726
60426.02519868451 7.3617153815274285
60426.025246544785 7.355761764187793
60426.02529440505 7.3747739993529455
60426.02534226532 7.374888213493672
60426.02539012559 7.356015475696612
60426.02543798586 7.378576390807018
60426.02548584613 7.368708250862377
60426.0255337064 7.394106408278352
60426.02558156666 7.354657219733972
60426.025629426935 7.370060538558662
60426.0256772872 7.359528357207772
60426.02572514747 7.34986840085692
60426.02577300774 7.361532505215894
60426.02582086801 7.371643105077496
60426.02586872828 7.3661444135134815
60426.02591658855 7.3688147872424885
60426.02596444882 7.360862493062825
60426.026012309085 7.3710010748411054
60426.02606016936 7.372283920083484
60426.02610802962 7.366222487150399
60426.02615588989 7.378680040502232
60426.02620375016 7.368582534909122
60426.02625161043 7.368891696912074
60426.0262994707 7.3819803869483245
60426.02634733097 7.365992926684244
60426.026395191235 7.367713215065466
60426.02644305151 7.360454300238363
60426.026490911776 7.370845585275451
60426.02653877204 7.37826449225329
60426.02658663232 7.37458640935469
60426.02663449258 7.380259079014856
60426.02668235285 7.3648004239472975
60426.02673021312 7.363376807125734
60426.026778073385 7.361918069010517
60426.02682593366 7.3427840523057535
60426.026873793926 7.360574135871277
60426.02692165419 7.37275084365886
60426.02696951447 7.370939115940606
60426.027017374734 7.383469949160839
60426.027065235 7.3580164251917175
60426.027113095275 7.364073742153161
60426.027160955535 7.369091330153816
60426.02720881581 7.366993161686471
60426.027256676076 7.376748383343763
60426.02730453634 7.351415370920098
60426.02735239662 7.36577751316672
60426.027400256884 7.378392859456534
60426.02744811715 7.37420127547218
60426.027495977425 7.37417907607281
60426.02754383769 7.373798360130033
60426.02759169796 7.380331883246472
60426.02763955823 7.368360993316275
60426.02768741849 7.356987813642542
60426.02773527877 7.364625846984483
60426.027783139034 7.3769171952430606
60426.0278309993 7.37352358575284
60426.027878859575 7.38228995260225
60426.02792671984 7.386331303343605
60426.02797458011 7.355742890029345
60426.02802244038 7.384796874974258
60426.02807030065 7.353809724176402
60426.02811816092 7.368032504902938
60426.02816602119 7.364876952425928
60426.02821388145 7.3609241412127835
60426.028261741725 7.352556813216678
60426.02830960199 7.377558737105615
60426.02835746226 7.371233404388736
60426.02840532253 7.36403625862927
60426.0284531828 7.36712773444113
60426.02850104307 7.368457186379565
60426.02854890334 7.367232682199118
60426.02859676361 7.374652884663065
60426.028644623875 7.354661053842395
60426.02869248414 7.363843295208085
60426.02874034441 7.363028401242282
60426.02878820468 7.37204177208028
60426.02883606495 7.360547660181297
60426.02888392522 7.361936430441626
60426.02893178549 7.3551781936501754
60426.02897964576 7.372853372058358
60426.029027506025 7.352740537993945
60426.0290753663 7.345994536540168
60426.02912322656 7.36681259084808
60426.02917108683 7.37220676240725
60426.0292189471 7.3822170772278035
60426.02926680737 7.3701936225136055
60426.02931466764 7.376363751205361
60426.02936252791 7.35703382636963
60426.029410388175 7.3812765736124035
60426.02945824845 7.368499825361408
60426.029506108716 7.381650301625577
60426.02955396898 7.380772143022071
60426.02960182926 7.347647308236576
60426.02964968952 7.367430816967353
60426.02969754979 7.370232347300252
60426.02974541006 7.365739381316289
60426.029793270325 7.359554708294674
60426.0298411306 7.364312450733186
60426.029888990866 7.361738406656332
60426.02993685113 7.368591710807989
60426.02998471141 7.351084449331009
60426.030032571674 7.370961207181459
60426.03008043194 7.373485509412303
60426.030128292216 7.38227422584341
60426.030176152475 7.392903241457896
60426.03022401275 7.365606816011603
60426.030271873016 7.361732078848713
60426.03031973328 7.372863395435303
60426.03036759356 7.369245263861073
60426.030415453824 7.346755159123956
60426.03046331409 7.358980851683496
60426.030511174366 7.354319185104953
60426.03055903463 7.35749308694448
60426.0306068949 7.363710344247082
60426.03065475517 7.37172822045811
60426.03070261543 7.366637673827678
60426.03075047571 7.362955454479254
60426.030798335974 7.370364561769083
60426.03084619624 7.374580240185443
60426.030894056516 7.356206295339726
60426.03094191678 7.365377515728042
60426.03098977705 7.365883429387896
60426.03103763732 7.36596955937506
60426.03108549759 7.353884428593648
