exoplanete 2.0/jw02722-o002_t001_miri_p750l-slitlessprism_whtlt.ecsv
# %ECSV 1.0
# ---
# datatype:
# - {name: MJD_UTC, datatype: float64}
# - {name: BJD_TDB, datatype: float64}
# - {name: whitelight_flux, datatype: float64}
# meta: !!omap
# - {instrument: MIRI}
# - {exp_type: MIR_LRS-SLITLESS}
# - {subarray: SLITLESSPRISM}
# - {filter: P750L}
# - {pupil: null}
# - {target_name: K2-18}
# - {number_of_integrations: 5095}
# schema: astropy-2.0
MJD_UTC BJD_TDB whitelight_flux
[from data line 4118]
60426.16480708891 60426.1696944619 7.351923619399276
60426.16485494918 60426.16974231879 7.343649252290877
60426.164902809454 60426.16979017567 7.354471043556707
60426.164950669714 60426.16983803255 7.345461789276278
60426.16499852999 60426.16988588943 7.339532908744655
60426.165046390255 60426.169933746314 7.354646515549899
60426.16509425052 60426.16998160319 7.362517161859966
60426.165142110796 60426.17002946008 7.338853699870398
60426.16518997106 60426.17007731696 7.351668537427846
60426.16523783133 60426.17012517384 7.363972780279618
60426.165285691604 60426.17017303073 7.342393446893095
60426.16533355187 60426.17022088761 7.347470232540107
60426.16538141214 60426.17026874449 7.337679759972895
60426.16542927241 60426.170316601376 7.3684467693543745
60426.16547713267 60426.17036445825 7.320409056118212
60426.165524992946 60426.170412315136 7.3598012330366975
60426.16557285321 60426.17046017202 7.348384506494647
60426.16562071348 60426.170508028896 7.371788317741529
60426.165668573754 60426.17055588579 7.3540548210206715
60426.16571643402 60426.17060374267 7.356892839072137
60426.16576429429 60426.17065159955 7.357764145871414
60426.16581215456 60426.17069945644 7.376061906728821
60426.16586001483 60426.170747313314 7.342305236590682
60426.165907875096 60426.1707951702 7.3658434409133555
60426.16595573537 60426.17084302708 7.3463985178797895
60426.16600359563 60426.17089088396 7.352390911110713
60426.166051455904 60426.17093874084 7.367402247805078
60426.16609931617 60426.170986597725 7.324550366263266
60426.16614717644 60426.1710344546 7.365470047342795
60426.16619503671 60426.17108231149 7.350435632217783
60426.16624289698 60426.17113016837 7.34700903625189
60426.166290757246 60426.17117802525 7.350271630290014
60426.16633861752 60426.17122588214 7.3496979572387975
60426.16638647779 60426.17127373902 7.36244123579937
60426.166434338054 60426.1713215959 7.340054522862536
60426.16648219833 60426.171369452786 7.351089207655855
60426.16653005859 60426.17141730966 7.3634925811591145
60426.16657791886 60426.171465166546 7.342391175542094
60426.16662577913 60426.17151302343 7.340079659505225
60426.166673639396 60426.171560880306 7.355216599220948
60426.16672149967 60426.1716087372 7.346698762574015
60426.16676935994 60426.17165659407 7.359223934873436
60426.166817220204 60426.17170445096 7.354273581059792
60426.16686508048 60426.17175230785 7.3556368629804565
60426.166912940746 60426.171800164724 7.360112639306239
60426.16696080101 60426.17184802161 7.357506614391555
60426.16700866129 60426.17189587849 7.356109343899513
60426.167056521546 60426.17194373537 7.352397711317899
60426.16710438182 60426.17199159225 7.348327763249362
60426.16715224209 60426.172039449135 7.332083999681906
60426.167200102354 60426.17208730601 7.349039770816058
60426.16724796263 60426.1721351629 7.357461458986173
60426.167295822896 60426.17218301978 7.350079848701874
60426.16734368316 60426.17223087666 7.338107220099468
60426.16739154344 60426.172278733546 7.342491651770689
60426.1674394037 60426.17232659043 7.367984718871069
60426.16748726397 60426.172374447306 7.359338634067772
60426.167535124245 60426.1724223042 7.34578205971399
60426.167582984504 60426.17247016107 7.334764784250821
60426.16763084478 60426.17251801796 7.34653989748831
60426.167678705046 60426.17256587484 7.349493406453209
60426.16772656531 60426.17261373172 7.333723417174482
60426.16777442559 60426.17266158861 7.360806633905183
60426.16782228585 60426.17270944548 7.351468471605549
60426.16787014612 60426.17275730237 7.335603237319479
60426.167918006395 60426.17280515925 7.345198840288964
60426.16796586666 60426.172853016134 7.348611611088332
60426.16801372693 60426.17290087301 7.357752600210755
60426.1680615872 60426.1729487299 7.360776998937643
60426.16810944746 60426.17299658677 7.3527836036961425
60426.16815730774 60426.17304444366 7.335239929363141
60426.168205168 60426.17309230054 7.3673412892482055
60426.16825302827 60426.17314015742 7.348115779813055
60426.168300888545 60426.173188014305 7.336289163376513
60426.16834874881 60426.17323587119 7.356919000614246
60426.16839660908 60426.17328372807 7.342743308853153
60426.16844446935 60426.173331584956 7.370412153431657
60426.16849232962 60426.17337944184 7.330553161384898
60426.16854018989 60426.173427298716 7.353564844092215
60426.16858805015 60426.1734751556 7.354994144515449
60426.16863591042 60426.173523012476 7.35803910632379
60426.168683770695 60426.17357086937 7.3291370127831605
60426.16873163096 60426.17361872624 7.351171542850297
60426.16877949123 60426.17366658313 7.360833992641554
60426.1688273515 60426.17371444001 7.340359540070883
60426.16887521177 60426.173762296894 7.339680799516622
60426.16892307204 60426.17381015377 7.351215551744681
60426.16897093231 60426.17385801066 7.346208989055725
60426.16901879257 60426.17390586753 7.350175002939489
60426.169066652845 60426.17395372442 7.353545897307583
60426.16911451311 60426.1740015813 7.361543414038562
60426.16916237338 60426.17404943818 7.343455958015127
60426.16921023365 60426.174097295065 7.356390513166357
60426.16925809392 60426.17414515195 7.364948058252112
60426.16930595419 60426.174193008825 7.357243252514427
60426.16935381446 60426.174240865716 7.361747488947756
60426.16940167473 60426.17428872259 7.3338998565781015
60426.169449534995 60426.174336579475 7.348462929553532
60426.16949739527 60426.17438443636 7.37126472365181
60426.16954525553 60426.174432293235 7.357924675863294
60426.1695931158 60426.174480150126 7.340569083545687
60426.16964097607 60426.174528007 7.369799014811326
60426.16968883634 60426.174575863886 7.352690277272179
60426.16973669661 60426.17462372077 7.363996861170535
60426.16978455688 60426.17467157765 7.304098587420117
60426.169832417145 60426.17471943453 7.334982125110398
60426.16988027742 60426.17476729142 7.344469847630254
60426.169928137686 60426.1748151483 7.344291576295447
60426.16997599795 60426.17486300518 7.359185863739479
60426.17002385823 60426.174910862064 7.344771348533927
60426.17007171849 60426.17495871894 7.3463934216942866
60426.17011957876 60426.175006575824 7.358653151091603
60426.17016743903 60426.17505443271 7.351973677184587
60426.170215299295 60426.175102289584 7.345781493040356
60426.17026315957 60426.175150146475 7.359518337031325
60426.170311019836 60426.17519800335 7.352610985802927
60426.1703588801 60426.175245860235 7.344671888232002
60426.17040674038 60426.17529371712 7.367792375402868
60426.170454600644 60426.175341574 7.350968490738982
60426.17050246091 60426.17538943088 7.347588012786089
60426.170550321185 60426.17543728777 7.344904861685176
60426.170598181445 60426.17548514464 7.353859648326017
60426.17064604172 60426.17553300153 7.354936235174842
60426.170693901986 60426.175580858406 7.3585922488031414
60426.17074176225 60426.17562871529 7.339818034793826
60426.17078962253 60426.17567657217 7.344569293960895
60426.170837482794 60426.17572442906 7.366459658953631
60426.17088534306 60426.17577228593 7.3456770065005195
60426.170933203335 60426.175820142824 7.338760727552657
60426.1709810636 60426.1758679997 7.3454705770508735
60426.17102892387 60426.175915856584 7.355705944333398
60426.17107678414 60426.17596371347 7.354642491493138
60426.1711246444 60426.176011570344 7.347668950352166
60426.17117250468 60426.17605942723 7.354061247279057
60426.171220364944 60426.17610728411 7.363308850046053
60426.17126822521 60426.17615514099 7.35972640716198
60426.171316085485 60426.17620299788 7.34547485228304
60426.17136394575 60426.176250854754 7.343294606745628
60426.17141180602 60426.17629871164 7.32755866128619
60426.17145966629 60426.17634656852 7.351181715846993
60426.17150752656 60426.176394425405 7.359151412772845
60426.17155538683 60426.17644228228 7.355640038865058
60426.1716032471 60426.17649013917 7.330575892744733
60426.17165110736 60426.17653799604 7.374477845655615
60426.171698967635 60426.17658585293 7.3526047866975075
60426.1717468279 60426.17663370981 7.358069284700475
60426.17179468817 60426.17668156669 7.3639081510025015
60426.17184254844 60426.176729423576 7.3505968516777145
60426.17189040871 60426.17677728046 7.3526123944116915
60426.17193826898 60426.176825137336 7.3644098880015
60426.17198612925 60426.17687299423 7.361331210829026
60426.17203398952 60426.1769208511 7.364312538717638
60426.172081849785 60426.17696870799 7.344871451243082
60426.17212971006 60426.17701656487 7.360322154531678
60426.17217757032 60426.17706442175 7.365569295247532
60426.17222543059 60426.17711227863 7.354238585707936
60426.17227329086 60426.177160135514 7.354503454356625
60426.17232115113 60426.17720799239 7.352358644469749
60426.1723690114 60426.17725584928 7.3666712884667644
60426.17241687167 60426.17730370616 7.349140531850429
60426.172464731935 60426.17735156304 7.357784633372701
60426.17251259221 60426.177399419925 7.353944913775543
60426.172560452476 60426.17744727681 7.34194210135194
60426.17260831274 60426.177495133685 7.35744943038745
60426.17265617302 60426.177542990576 7.351498878901552
60426.17270403328 60426.177590847445 7.344946458853333
60426.17275189355 60426.177638704336 7.349834319461655
60426.17279975382 60426.17768656121 7.350060420972598
60426.172847614085 60426.177734418095 7.35335914964667
60426.17289547436 60426.17778227498 7.367808341041861
60426.172943334626 60426.17783013186 7.364012107889648
60426.17299119489 60426.17787798874 7.34599508270656
60426.17303905517 60426.17792584563 7.349320274679764
60426.173086915434 60426.177973702506 7.360163897649711
60426.1731347757 60426.17802155939 7.370499339995982
60426.173182635976 60426.17806941627 7.352285722426676
60426.173230496235 60426.17811727315 7.354833089951938
60426.17327835651 60426.17816513003 7.347562284682102
60426.173326216776 60426.17821298692 7.355930244673097
60426.17337407704 60426.17826084379 7.369363423972135
60426.17342193732 60426.178308700684 7.353122151424162
60426.173469797584 60426.17835655756 7.336898544892283
60426.17351765785 60426.178404414444 7.358945540449643
60426.173565518126 60426.17845227133 7.342732608363649
60426.17361337839 60426.17850012821 7.3612937201411786
60426.17366123866 60426.17854798509 7.351621247214209
60426.17370909893 60426.17859584198 7.355542664303469
60426.17375695919 60426.17864369885 7.348925084478637
60426.17380481947 60426.17869155574 7.348372554357312
60426.173852679734 60426.178739412615 7.3559751326696095
60426.17390054 60426.1787872695 7.357797932648235
60426.173948400276 60426.17883512638 7.337707634355488
60426.17399626054 60426.17888298326 7.372439363987791
60426.17404412081 60426.17893084014 7.353105362726188
60426.17409198108 60426.178978697026 7.348224444638996
60426.17413984135 60426.17902655391 7.357954994010539
60426.17418770162 60426.179074410786 7.33314700151011
60426.17423556189 60426.17912226768 7.3366342736422165
60426.17428342215 60426.179170124546 7.366067849958761
60426.174331282426 60426.17921798144 7.3616334528931375
60426.17437914269 60426.17926583831 7.360044691076518
60426.17442700296 60426.1793136952 7.33908779203588
60426.17447486323 60426.17936155208 7.352905265908058
60426.1745227235 60426.179409408964 7.346081080178356
60426.17457058377 60426.17945726584 7.355416845318802
60426.17461844404 60426.17950512273 7.355685910161137
60426.1746663043 60426.1795529796 7.34690186835133
60426.174714164576 60426.17960083649 7.33576980767976
60426.17476202484 60426.17964869337 7.360693591727934
60426.17480988511 60426.17969655025 7.359895512014289
60426.17485774538 60426.179744407134 7.3527074227835065
60426.17490560565 60426.17979226402 7.352350642511198
60426.17495346592 60426.179840120894 7.3639955625675935
60426.17500132619 60426.179887977785 7.367628522496588
60426.17504918646 60426.17993583466 7.354733507162568
60426.175097046726 60426.17998369154 7.359171255492587
60426.175144907 60426.18003154843 7.347615234590728
60426.17519276726 60426.1800794053 7.37858419682664
60426.175240627534 60426.18012726219 7.357981076973432
60426.1752884878 60426.180175119065 7.3658854615251315
60426.17533634807 60426.18022297595 7.3699481591293985
60426.17538420834 60426.18027083283 7.361521493301858
60426.17543206861 60426.180318689716 7.34911940487399
60426.175479928876 60426.18036654659 7.36708828887294
60426.17552778915 60426.18041440348 7.358299971567142
60426.17557564942 60426.18046226036 7.363326278405615
60426.175623509684 60426.18051011724 7.352988975317007
60426.17567136996 60426.18055797413 7.3619749135221575
60426.17571923022 60426.180605831 7.375650027964845
60426.17576709049 60426.18065368789 7.363924133799408
60426.17581495076 60426.18070154477 7.355672603751164
60426.175862811026 60426.18074940165 7.359489876871715
60426.1759106713 60426.18079725853 7.3531513069361
60426.17595853157 60426.180845115414 7.353486240434137
60426.176006391834 60426.18089297229 7.361975656313727
60426.17605425211 60426.18094082918 7.36964661397173
60426.176102112375 60426.18098868606 7.357078778060556
60426.17614997264 60426.18103654294 7.356703652778187
60426.176197832916 60426.181084399825 7.360968511224579
60426.176245693176 60426.1811322567 7.365504195466314
60426.17629355345 60426.181180113585 7.355712146850536
60426.17634141372 60426.18122797047 7.368356010192434
60426.176389273984 60426.181275827345 7.372932394870839
60426.17643713426 60426.181323684235 7.368332036151779
60426.176484994525 60426.18137154111 7.3586533825105604
60426.17653285479 60426.181419397995 7.350538199537269
60426.176580715066 60426.18146725488 7.378565631411671
60426.17662857533 60426.181515111755 7.3508460512353295
60426.1766764356 60426.18156296864 7.35563651349268
60426.176724295874 60426.18161082552 7.362249772274479
60426.176772156134 60426.1816586824 7.355125880736966
60426.17682001641 60426.18170653928 7.361129176183539
60426.176867876675 60426.181754396166 7.3385635555278075
60426.17691573694 60426.18180225304 7.3576089343222035
60426.176963597216 60426.18185010993 7.3552304850247605
60426.17701145748 60426.18189796681 7.367747444987261
60426.17705931775 60426.18194582369 7.366159276327832
60426.177107178024 60426.18199368058 7.341628642648193
60426.17715503829 60426.18204153746 7.363210003313904
60426.17720289856 60426.18208939434 7.373620455967839
60426.17725075883 60426.18213725122 7.3540700802259895
60426.17729861909 60426.1821851081 7.347806575901297
60426.177346479366 60426.18223296498 7.355201840492183
60426.17739433963 60426.182280821864 7.3478938299656065
60426.1774421999 60426.18232867874 7.360601297376633
60426.177490060174 60426.18237653563 7.379371647800215
60426.17753792044 60426.18242439251 7.369816260132378
60426.17758578071 60426.18247224939 7.359618158172793
60426.17763364098 60426.182520106275 7.352240921873283
60426.17768150125 60426.18256796316 7.360464898751465
60426.177729361516 60426.182615820035 7.3650385746188975
60426.17777722179 60426.18266367692 7.366662142817887
60426.17782508205 60426.182711533795 7.378013627387741
60426.177872942324 60426.18275939068 7.361994061478165
60426.17792080259 60426.18280724756 7.338429904474271
60426.17796866286 60426.18285510444 7.384420975190189
60426.17801652313 60426.18290296133 7.345247203790387
60426.1780643834 60426.182950818205 7.362596919017719
60426.178112243666 60426.18299867509 7.3774576478958025
60426.17816010394 60426.18304653197 7.363234032900069
60426.17820796421 60426.183094388856 7.349967060024531
60426.178255824474 60426.18314224573 7.3382334403774525
60426.17830368475 60426.183190102616 7.377845106976249
60426.17835154501 60426.18323795949 7.381853708771066
60426.17839940528 60426.183285816376 7.363896845496854
60426.17844726555 60426.18333367326 7.355184535682381
60426.178495125816 60426.183381530136 7.353608288328571
60426.17854298609 60426.18342938703 7.372507365388865
60426.17859084636 60426.1834772439 7.35175502335056
60426.178638706624 60426.18352510079 7.372096525324731
60426.1786865669 60426.18357295767 7.358023745901894
60426.178734427165 60426.18362081455 7.37386162865381
60426.17878228743 60426.18366867143 7.363811221546962
