exoplanete 2.0/jw02722-o003_t001_niriss_clear-gr700xd-substrip256_whtlt.ecsv
# %ECSV 1.0
# ---
# datatype:
# - {name: MJD_UTC, datatype: float64}
# - {name: BJD_TDB, datatype: float64}
# - {name: whitelight_flux_order_1, datatype: float64}
# - {name: whitelight_flux_order_2, datatype: float64}
# meta: !!omap
# - {instrument: NIRISS}
# - {exp_type: NIS_SOSS}
# - {subarray: SUBSTRIP256}
# - {filter: CLEAR}
# - {pupil: GR700XD}
# - {target_name: K2-18}
# - {number_of_integrations: 648}
# schema: astropy-2.0
MJD_UTC BJD_TDB whitelight_flux_order_1 whitelight_flux_order_2
60096.61005975848 60096.61187198002 337.82366844987325 -2.3014236681530917
60096.61037775564 60096.612189946434 337.9513930840078 -4.293775112285132
60096.61069575281 60096.612507912854 337.9872604990866 -1.3578900335847948
60096.61101374997 60096.61282587927 338.1988094644025 -3.315812440368802
60096.61133174714 60096.61314384569 338.3657075252197 0.6823140843982003
60096.6116497443 60096.6134618121 338.28906133280896 0.4238139152121647
60096.61196774147 60096.61377977852 338.4859646047396 1.7742896986612209
60096.61228573863 60096.614097744925 337.76341708305387 -5.539754263756649
60096.61260373579 60096.61441571134 338.20721467256413 -0.6837349819735152
60096.61292173296 60096.61473367776 338.3630429582832 -0.004302971935629785
60096.61323973012 60096.61505164417 338.3730069424738 3.1494980548942095
60096.61355772729 60096.61536961059 338.07940961905365 -2.5446839975066524
60096.61387572445 60096.615687577 338.7118837382736 10.600978594033805
60096.61419372161 60096.616005543416 337.4284655851933 -15.166091427096362
60096.61451171878 60096.616323509836 337.9156627924619 -7.704744057449105
60096.61482971594 60096.61664147625 338.4115463086799 6.768334623518726
60096.615147713106 60096.61695944267 337.54715091568835 -13.850447895546509
60096.61546571027 60096.61727740908 337.7988296919805 -10.381739650881443
60096.615783707435 60096.6175953755 338.34218965415494 4.176913644191913
60096.616101704596 60096.617913341914 338.65346456612764 8.552722126412064
60096.61641970176 60096.618231308326 337.64952282976907 -12.129610347242163
60096.616737698925 60096.61854927474 337.5488018191755 -11.166494423298744
60096.617055696086 60096.61886724115 338.40593888974183 9.07791454898495
60096.617373693254 60096.61918520757 337.90058036314304 -13.407799485674857
60096.617691690415 60096.619503173984 337.83337061607335 -10.437956898356532
60096.61800968758 60096.619821140404 338.0200989173012 2.9601605955908212
60096.618327684744 60096.62013910682 337.52028539611103 -22.38447273113586
60096.618645681905 60096.62045707323 338.4190173494428 6.2436716459352795
60096.61896367907 60096.62077503965 338.329704528418 0.4408078628547969
60096.619281676234 60096.621093006055 338.0254458462987 0.1371109534328241
60096.6195996734 60096.621410972475 338.26361178254035 1.6491950497980667
60096.61991767056 60096.62172893889 338.40682068595856 5.680098684272281
60096.62023566773 60096.62204690531 337.9749482854179 6.372299126058834
60096.62055366489 60096.62236487172 338.0240211541317 -8.470429030685423
60096.62087166205 60096.62268283813 338.0296089221349 -3.7486857817452943
60096.62118965922 60096.62300080455 337.8412495130362 -8.544773211285403
60096.62150765638 60096.62331877096 338.76055202933435 25.376958593955877
60096.62182565355 60096.62363673738 338.73058122556074 13.838283748209449
60096.62214365071 60096.62395470379 338.6893403013741 12.105348295319942
60096.62246164788 60096.62427267021 338.22611582163 0.9916721689365602
60096.62277964504 60096.624590636624 338.2142003498906 2.0311162619619267
60096.6230976422 60096.62490860304 338.11562606550564 5.454556732461256
60096.62341563937 60096.62522656945 338.46077577587334 10.618879472633381
60096.62373363653 60096.62554453586 337.8862662208991 -7.820424973909809
60096.6240516337 60096.62586250228 338.1913540430277 -4.221257616759971
60096.62436963086 60096.626180468695 338.16974588313883 -3.2011523500548833
60096.62468762802 60096.62649843511 338.2593505013807 7.792097153222471
60096.62500562519 60096.62681640153 338.38131706991226 6.899865750382972
60096.62532362235 60096.62713436793 338.32193068025435 8.961222353625061
60096.62564161952 60096.62745233435 338.156310623491 -3.088760455636148
60096.62595961668 60096.627770300765 338.3019467922978 2.1922998228205444
60096.62627761385 60096.628088267185 338.2507100557657 -1.4472092714767086
60096.62659561101 60096.6284062336 337.9578317199952 -1.7843055942502986
60096.62691360817 60096.6287242 337.54211189440366 -21.275100301711518
60096.62723160534 60096.62904216642 338.18315448086486 6.482836702605425
60096.6275496025 60096.629360132836 337.8690421122356 -7.770138644362191
60096.627867599665 60096.629678099256 338.2920905770064 8.019298362137093
60096.62818559683 60096.62999606566 337.97359529708586 -1.7498220780663303
60096.628503593995 60096.63031403208 337.9329697172334 -3.3903336930058146
60096.628821591155 60096.630631998494 338.3748858465611 5.572416249942904
60096.629139588316 60096.63094996491 338.05915953431185 -3.2539294924149402
60096.629457585484 60096.63126793133 338.43069816883593 5.80777398879421
60096.629775582645 60096.63158589773 338.32032321721135 8.888422701587388
60096.63009357981 60096.63190386415 337.998871869602 -1.0383098640620574
60096.630411576974 60096.632221830565 337.60550719669936 -14.0234862664867
60096.63072957414 60096.632539796985 338.2881976577383 5.791508253639435
60096.6310475713 60096.63285776339 337.94513581289027 -3.125953632771896
60096.631365568464 60096.6331757298 338.09959653374483 -7.4174944238055645
60096.63168356563 60096.63349369622 338.32627988556 5.043522421682553
60096.63200156279 60096.63381166263 338.74553109611725 7.97224291804352
60096.63231955996 60096.63412962905 338.7454170426032 5.194553272775124
60096.63263755712 60096.63444759546 338.6038325479113 12.151920960718684
60096.63295555429 60096.63476556188 337.9161041772013 -1.2335959494240711
60096.63327355145 60096.63508352829 338.0967385920655 -5.885827985242216
60096.63359154861 60096.6354014947 338.4949149365186 13.97895426866399
60096.63390954578 60096.63571946112 338.02451715514775 -5.404610704103419
60096.63422754294 60096.636037427525 338.1912370924377 0.041064329526548704
60096.63454554011 60096.636355393945 337.98090063952657 -4.255737028591142
60096.63486353727 60096.63667336036 338.0574729616071 -2.347370856359319
60096.63518153444 60096.63699132678 337.78901287157476 -13.56868435618648
60096.6354995316 60096.63730929318 337.80340734325773 -7.126188930102288
60096.63581752876 60096.637627259595 337.8964453401303 -10.072470602378502
60096.63613552593 60096.637945226015 338.00726877678073 -5.1920135162680054
60096.63645352309 60096.63826319242 338.7742147791949 22.875087498938683
60096.63677152026 60096.63858115884 338.64773968735506 8.126869868033936
60096.63708951742 60096.63889912525 338.1104271829099 5.821338991879401
60096.63740751459 60096.639217091666 338.0304223814613 -6.708067950613767
60096.63772551175 60096.63953505808 338.0554897196166 -3.7026044638597
60096.63804350891 60096.63985302449 338.1480779481461 -5.835872375126371
60096.63836150608 60096.640170990904 338.2457067688094 0.8450190901062058
60096.63867950324 60096.64048895732 337.54285610466627 -14.491794011419813
60096.638997500406 60096.64080692374 337.6510924643086 -13.667564925757674
60096.63931549757 60096.64112489014 337.97482562091346 -11.956158593912491
60096.639633494735 60096.64144285656 337.82412278586787 -7.792794884861934
60096.639951491896 60096.641760822975 337.97011196054126 -5.577582963827339
60096.64026948906 60096.64207878938 338.1342604506377 -1.0253495776169643
60096.640587486225 60096.6423967558 337.848969730804 -11.03722297200082
60096.640905483386 60096.642714722206 337.88118191377595 -6.5390101216659104
60096.641223480554 60096.643032688626 338.0394984031476 -3.4871852987415934
60096.641541477715 60096.64335065504 337.8693021952817 -11.714033157622325
60096.64185947488 60096.64366862145 337.8505145015763 -9.27191081431711
60096.642177472044 60096.643986587864 337.65321619618277 -13.860879477320239
60096.642495469205 60096.64430455428 337.5973584383685 -17.275241147406746
60096.64281346637 60096.64462252069 338.03026651448556 0.5860773307626204
60096.643131463534 60096.6449404871 337.9238517299249 -0.9630396267334049
60096.6434494607 60096.645258453515 337.41002454756006 -22.180936999410164
60096.64376745786 60096.64557641993 338.02493857704303 -2.5039726026377025
60096.64408545503 60096.64589438635 338.2141596476111 6.97153161591703
60096.64440345219 60096.64621235275 337.7811053291708 -6.537285547877971
60096.64472144935 60096.646530319165 337.9506518336348 0.5426547200804492
60096.64503944652 60096.64684828558 338.0139469801112 1.6168601184831886
60096.64535744368 60096.64716625199 338.32922170825725 2.2932796375337716
60096.64567544085 60096.6474842184 337.91215142408646 -0.15434869615774005
60096.64599343801 60096.647802184816 338.0535794610297 -7.822505546328472
60096.64631143518 60096.648120151236 338.29283335400373 0.6676528536934541
60096.64662943234 60096.64843811764 338.1342080738757 0.749264783145037
60096.6469474295 60096.648756084054 338.1762281028789 -5.878742899836894
60096.64726542667 60096.64907405047 338.0977780469749 -14.519814955699985
60096.64758342383 60096.64939201688 338.43169805453647 11.637794006377419
60096.647901421 60096.64970998329 338.48875670143593 6.163226465558125
60096.64821941816 60096.650027949705 337.98936115376364 -2.194995859613414
60096.64853741533 60096.65034591612 337.8112237215369 -4.5884228529758815
60096.64885541249 60096.65066388253 338.238273431562 2.155050105948476
60096.64917340965 60096.65098184894 337.7408264111665 -1.1891986165974515
60096.64949140682 60096.651299815356 338.0108223453286 -1.809443066192145
60096.64980940398 60096.65161778177 338.2363692255573 9.621974678405465
60096.650127401146 60096.65193574818 338.1316955794413 0.6302414329583286
60096.65044539831 60096.652253714594 338.91788191629246 24.627410453632933
60096.650763395475 60096.65257168101 338.16844859541874 4.375373577730954
60096.651081392636 60096.65288964742 338.0873815639885 3.3533098683823397
60096.6513993898 60096.653207613825 337.70287183155494 -10.535446808400962
60096.651717386965 60096.653525580245 336.9526010534635 -21.887919277513703
60096.652035384126 60096.65384354665 337.918609243153 0.0715224880266021
60096.652353381294 60096.65416151307 337.90078351058924 -9.526712252214836
60096.652671378455 60096.654479479475 338.0691190051958 -5.031423166986428
60096.652989375616 60096.65479744589 338.2605580903196 3.1989852814083832
60096.653307372784 60096.6551154123 338.29103732960357 -2.743173353181419
60096.653625369945 60096.65543337871 338.226126744016 4.600187796201865
60096.65394336711 60096.655751345126 338.5108583401243 8.917247531130755
60096.654261364274 60096.65606931154 337.9634409632747 -8.136603206389239
60096.65457936144 60096.65638727795 338.00472385604303 -6.827978615369389
60096.6548973586 60096.656705244364 338.1567769162144 4.8424801865237725
60096.655215355764 60096.65702321077 338.5726971650289 16.622977924675737
60096.65553335293 60096.65734117719 337.9848402618188 -6.519410222091892
60096.65585135009 60096.657659143595 338.20399846878684 0.31515376336076883
60096.65616934726 60096.657977110015 337.6403853137739 -19.502218659306507
60096.65648734442 60096.65829507642 337.2798298222031 -20.082110048416723
60096.65680534159 60096.65861304283 338.07585195592617 -6.396929546799839
60096.65712333875 60096.658931009246 337.3652990124982 -14.663067637748583
60096.65744133591 60096.65924897565 337.5959823107801 -8.912640130685062
60096.65775933308 60096.65956694207 338.4181269195391 6.570634170555152
60096.65807733024 60096.65988490848 338.43139093025917 11.36216228255455
60096.65839532741 60096.6602028749 338.24944825289845 0.7240143429990695
60096.65871332457 60096.6605208413 338.25902519304384 4.80834420827793
60096.65903132174 60096.660838807715 338.07705409591546 6.3877208376649435
60096.6593493189 60096.66115677413 338.0046948465341 -8.072288519003948
60096.65966731606 60096.66147474053 337.94069946503186 -2.0356359926010157
60096.65998531323 60096.66179270695 337.95739412116933 -2.1793469146843023
60096.66030331039 60096.66211067336 338.041605162519 -1.6048228457259626
60096.66062130756 60096.66242863978 337.94549819861595 -7.212397547809104
60096.66093930472 60096.662746606184 338.4530063466443 7.1500850981655475
60096.66125730189 60096.663064572596 337.5183402477191 -15.874321539784958
60096.66157529905 60096.66338253901 337.6831138937076 -15.071961653848959
60096.66189329621 60096.663700505414 338.1569353906393 -0.333214659298946
60096.66221129338 60096.664018471834 338.1349412656298 6.132145572373233
60096.66252929054 60096.66433643824 338.2501318701404 1.4883978491612595
60096.662847287706 60096.66465440465 338.2220766397578 3.172318310953173
60096.66316528487 60096.664972371065 338.32546654465716 4.466124697135541
60096.66348328203 60096.66529033747 337.70444784476854 -20.287479400363452
60096.663801279195 60096.66560830388 337.7507655359033 -10.634033620213017
60096.664119276356 60096.665926270296 337.7813089157293 -6.211659287518671
60096.664437273525 60096.66624423671 337.94124828898987 -10.461941015776318
60096.664755270685 60096.66656220312 338.00715723478174 -3.9338669983521157
60096.66507326785 60096.666880169534 337.927740513986 -7.427966644342803
60096.665391265014 60096.66719813594 338.2704127178347 -1.4038135727938936
60096.665709262175 60096.66751610235 338.1301304246559 -6.798229357343573
60096.66602725934 60096.667834068765 337.7618851805042 -4.592194450055089
60096.666345256504 60096.66815203517 338.2554794126878 -2.3834250900021914
60096.66666325367 60096.66847000159 338.1933301921223 1.1792389316230754
60096.66698125083 60096.668787967996 337.9573584941468 -10.439817971790731
60096.667299248 60096.66910593441 337.7504579195041 -19.93695601041823
60096.66761724516 60096.66942390082 338.4420604332464 9.828943813008792
60096.66793524232 60096.66974186723 337.5501097604758 -16.568796183698666
60096.66825323949 60096.67005983364 337.9486145451205 -3.31014326688927
60096.66857123665 60096.67037780005 338.4838224518519 10.852603988804454
60096.66888923382 60096.670695766465 338.38424770770166 -1.2487457596569413
60096.66920723098 60096.67101373287 337.96725642696595 -3.1959922680401007
60096.66952522815 60096.67133169929 338.31158880915166 0.3412279053560354
60096.66984322531 60096.671649665695 338.0656575269137 -3.801311458351833
60096.67016122247 60096.6719676321 338.03625834202165 -0.3622187791443281
60096.67047921964 60096.67228559852 338.33584488406234 6.854957798313649
60096.6707972168 60096.672603564926 337.39224114576643 -16.285139413166917
60096.67111521397 60096.67292153134 338.7183785234124 13.433754309418617
60096.67143321113 60096.673239497744 338.20432006652413 6.05425259233931
60096.6717512083 60096.673557464164 338.46414484442977 7.229192363104318
60096.67206920546 60096.67387543057 338.06431869146036 -5.918318011104404
60096.67238720262 60096.674193396975 338.05225084365236 -0.7788013799267759
60096.67270519979 60096.674511363395 338.3485067440807 4.006017683049038
60096.67302319695 60096.6748293298 337.6911353722656 -13.794668418070728
60096.67334119412 60096.67514729621 338.62671393883977 15.144238044502352
60096.67365919128 60096.67546526262 337.9567022706626 1.496228423721476
60096.673977188446 60096.67578322904 338.1131754609723 1.4514562740886703
60096.67429518561 60096.676101195444 337.3570759976627 -14.865728717602792
60096.67461318277 60096.67641916185 337.7227842523923 -4.246192292417007
60096.674931179936 60096.67673712826 337.9119673347043 -0.21779747939723393
60096.6752491771 60096.677055094675 337.70125367325187 -14.21348148040272
60096.675567174265 60096.67737306109 337.6985346698776 -10.625020681518322
60096.675885171426 60096.67769102749 337.4168105167014 -8.384391822512498
60096.676203168594 60096.678008993906 337.56829846231335 -10.312330559679111
60096.676521165755 60096.67832696032 337.8736260770495 4.5942488988765575
60096.676839162916 60096.678644926724 337.4549232013816 -3.168262332665833
60096.677157160084 60096.67896289314 337.8890781913643 5.449564055458566
60096.677475157245 60096.67928085954 337.78808393248283 -0.7133580410817473
60096.67779315441 60096.679598825955 337.89076639775294 1.9055058837082157
60096.678111151574 60096.67991679237 337.42537031408557 -3.40292038337482
60096.67842914874 60096.68023475878 337.3494384948217 -5.336197276233207
