exoplanete 2.0/jw02722-o003_t001_niriss_clear-gr700xd-substrip256_whtlt.ecsv
# %ECSV 1.0
# ---
# datatype:
# - {name: MJD_UTC, datatype: float64}
# - {name: BJD_TDB, datatype: float64}
# - {name: whitelight_flux_order_1, datatype: float64}
# - {name: whitelight_flux_order_2, datatype: float64}
# meta: !!omap
# - {instrument: NIRISS}
# - {exp_type: NIS_SOSS}
# - {subarray: SUBSTRIP256}
# - {filter: CLEAR}
# - {pupil: GR700XD}
# - {target_name: K2-18}
# - {number_of_integrations: 648}
# schema: astropy-2.0
MJD_UTC BJD_TDB whitelight_flux_order_1 whitelight_flux_order_2
[from data line 434]
60096.748070527654 60096.74986940196 337.44895872297127 6.5394836054259144
60096.748388524815 60096.750187368365 336.7615225896858 -4.765295390684457
60096.74870652198 60096.75050533477 336.2984787016817 -19.345406310519394
60096.749024519144 60096.750823301176 337.124523214836 -1.2471391468800164
60096.74934251631 60096.75114126758 336.52050223149945 -12.91820309111236
60096.74966051347 60096.75145923399 336.85574316770163 -6.025062973562726
60096.749978510634 60096.751777200385 337.3805521135167 6.4708665201987685
60096.7502965078 60096.75209516679 336.96041148577694 -2.6306691546686665
60096.75061450496 60096.752413133196 337.0147536722932 4.3867801604629335
60096.75093250213 60096.7527310996 337.166177140588 0.3876916231044447
60096.75125049929 60096.75304906601 337.10333111472755 -6.6877046064906835
60096.75156849646 60096.75336703241 337.1113656207638 -2.0477999116956056
60096.75188649362 60096.75368499881 336.94189396286816 -4.837482810470036
60096.75220449078 60096.754002965215 336.98539209419835 -5.369593192436767
60096.75252248795 60096.75432093162 336.7820519974906 -5.790541840586187
60096.75284048511 60096.754638898026 336.94338033689246 -9.856573102018288
60096.75315848228 60096.75495686443 337.10442467155104 -2.141331137378401
60096.75347647944 60096.75527483083 336.905070694678 1.6299353331506126
60096.75379447661 60096.75559279724 337.0279644223018 7.148546421583859
60096.75411247377 60096.75591076364 336.97346757505227 -1.927936640419631
60096.75443047093 60096.756228730046 336.9838266250749 -2.937890271982326
60096.7547484681 60096.75654669645 336.6536367466105 -16.34049174386432
60096.75506646526 60096.75686466285 337.1558183456964 0.5983007726947847
60096.75538446243 60096.75718262926 336.77172960081236 -7.307036223017661
60096.75570245959 60096.75750059566 336.49588964934503 -15.793304479658275
60096.756020456756 60096.757818562066 337.05074307229563 2.6745010564939093
60096.75633845392 60096.75813652847 336.90780847798214 -5.085455363415505
60096.75665645108 60096.75845449487 336.8645021745593 -11.872043861176351
60096.756974448246 60096.758772461275 337.386716186082 2.9261724381103704
60096.75729244541 60096.75909042768 336.4251197609856 -18.11153536029329
60096.757610442575 60096.759408394086 337.14001107177427 5.449459743530298
60096.757928439736 60096.759726360484 336.7936510482416 -14.783701973143735
60096.758246436904 60096.7600443269 337.1279732193417 10.234626797204541
60096.758564434065 60096.760362293295 336.7695718659095 -14.361645791585701
60096.758882431226 60096.76068025969 337.1789606892256 5.578502213485507
60096.759200428394 60096.760998226106 336.6958216933449 -7.926481562857532
60096.759518425555 60096.761316192504 336.7575373841973 -11.844075753490912
60096.75983642272 60096.76163415891 337.2873412834292 0.7227140505259655
60096.760154419884 60096.761952125315 337.1678275438934 0.19799230490821174
60096.76047241705 60096.76227009172 337.17320172143206 11.217543537295882
60096.76079041421 60096.76258805812 336.63125752275243 -20.00292860228258
60096.761108411374 60096.762906024516 336.5248273344397 -18.381525177155524
60096.76142640854 60096.76322399093 336.9131834880932 -2.9075173079694423
60096.7617444057 60096.76354195733 336.9202096015749 -7.226366271258641
60096.76206240287 60096.76385992373 337.13218981919135 14.431313631452909
60096.76238040003 60096.76417789014 337.56722996981085 7.65180607652573
60096.7626983972 60096.76449585654 337.15722455220623 6.176136181016062
60096.76301639436 60096.76481382294 336.2788440606388 -17.747304503024537
60096.76333439152 60096.76513178934 336.91254270632237 0.9813774553489623
60096.76365238869 60096.76544975575 337.3638963891166 1.0120329432322137
60096.76397038585 60096.76576772215 336.3524880442423 -20.4840775739589
60096.76428838302 60096.766085688556 336.7308290274577 -9.001965012658488
60096.76460638018 60096.76640365496 337.0220992808846 -9.633320290985523
60096.76492437735 60096.76672162137 337.04232072328216 -2.597953934897788
60096.76524237451 60096.767039587765 336.97291913263723 -6.833471607730331
60096.76556037167 60096.76735755416 337.2487226070246 6.754373247951037
60096.76587836884 60096.767675520576 336.78912688040646 -5.555720744455201
60096.766196366 60096.767993486974 336.7080756366254 -9.240886913826742
60096.76651436317 60096.76831145338 337.408719648747 10.740699389743078
60096.76683236033 60096.76862941978 337.5922369573983 18.97145089001468
60096.76715035749 60096.768947386176 336.8816840781957 -13.560072544011334
60096.76746835466 60096.76926535259 337.84537267750267 15.892205756322824
60096.76778635182 60096.76958331899 338.0338325505795 15.820359481898585
60096.76810434899 60096.76990128539 337.41380368400587 8.548116828292564
60096.76842234615 60096.77021925179 336.87704238041385 -13.568403114698327
60096.768740343316 60096.7705372182 337.5634600027828 9.972829816076626
60096.76905834048 60096.7708551846 336.9445720745197 4.511568798724369
60096.76937633764 60096.771173151 337.292584820947 11.569982716913316
60096.769694334806 60096.771491117404 337.18586888070445 -3.5629652991086687
60096.77001233197 60096.7718090838 337.16110462303703 1.0106985704008338
60096.770330329135 60096.772127050215 336.61889495850687 -18.416259832336394
60096.770648326295 60096.77244501661 337.10438570820065 -1.5759852799542813
60096.770966323464 60096.77276298302 337.00234808048486 -5.391469332777021
60096.771284320625 60096.77308094942 336.98222323329946 -6.070993192216491
60096.771602317785 60096.773398915815 337.11444591771794 1.3840509040262248
60096.77192031495 60096.77371688223 337.29433938580564 -1.8103875084328536
60096.772238312114 60096.774034848626 337.0846595206481 1.009642023721753
60096.77255630928 60096.77435281503 337.03297527472296 -7.4511187871930105
60096.77287430644 60096.77467078143 337.1094491814755 0.7179384829373703
60096.77319230361 60096.774988747835 337.03797937384246 -12.987416073768046
60096.77351030077 60096.77530671423 336.9137725935565 -15.727816200881819
60096.77382829793 60096.77562468064 336.7609672002046 -12.695492824478237
60096.7741462951 60096.775942647044 337.20608999747725 -4.766349686060352
60096.77446429226 60096.77626061344 337.0729632924602 -9.220303784934515
60096.77478228943 60096.77657857985 337.46079502284505 2.5739806746197473
60096.77510028659 60096.776896546246 337.31904559522803 -1.5053044543983702
60096.77541828376 60096.77721451265 337.19748939253316 -2.227044038551739
60096.77573628092 60096.77753247905 337.6834182708162 11.2211012241698
60096.77605427808 60096.777850445455 337.4670954746777 6.113306854009622
60096.77637227525 60096.77816841186 337.9550121884672 11.463044366609807
60096.77669027241 60096.77848637826 337.54393190290926 1.91506495661352
60096.77700826958 60096.77880434466 337.3096792877985 -0.7209049623293282
60096.77732626674 60096.77912231106 337.72622674231263 -5.243168111857315
60096.7776442639 60096.77944027746 337.6080070865478 1.7772406164942964
60096.77796226107 60096.779758243865 338.2598242894642 3.018020366788292
60096.77828025823 60096.78007621026 338.00083362177503 2.7772103664649137
60096.7785982554 60096.78039417667 337.6685566804037 -2.844833950192495
60096.77891625256 60096.780712143074 338.1694877948306 13.210326308259077
60096.77923424973 60096.78103010948 337.2987967592883 -13.783179234843686
60096.77955224689 60096.78134807588 337.3675768372152 -16.938231790498378
60096.77987024405 60096.781666042276 337.91435778708274 1.9104459752972929
60096.78018824122 60096.78198400868 338.44479839920075 5.125846751318235
60096.78050623838 60096.78230197508 338.28737913518444 1.884577569459566
60096.780824235546 60096.782619941485 337.49484679715306 -7.797562474871299
60096.78114223271 60096.78293790788 338.52227748842006 11.666195517752477
60096.781460229875 60096.78325587429 337.6825419245403 -2.0194819410239973
60096.781778227036 60096.78357384069 338.1322068621067 -3.347328079787772
60096.7820962242 60096.783891807085 338.26662534011547 7.213384005647768
60096.782414221365 60096.78420977349 338.1906016246418 3.260401646813335
60096.782732218526 60096.78452773989 338.7520024105123 18.314440920027437
60096.783050215694 60096.7848457063 337.98359626540076 -2.3171739390772785
60096.783368212855 60096.7851636727 338.46947919404647 7.985619065370031
60096.78368621002 60096.785481639105 337.77992534863984 -11.573337578573813
60096.784004207184 60096.7857996055 337.99565040015864 2.981397796724991
60096.784322204345 60096.7861175719 338.2820828138787 -1.966799510743158
60096.78464020151 60096.786435538306 338.14814962676337 -4.395962755155381
60096.784958198674 60096.786753504704 338.3408602497566 3.757050606687386
60096.78527619584 60096.78707147111 338.0703818496004 -5.198590685243559
60096.785594193 60096.78738943751 337.80191478149084 -9.654069899805108
60096.78591219017 60096.78770740391 337.4385355315357 -24.057887303034235
60096.78623018733 60096.78802537031 338.2332825017839 6.586525916391295
60096.78654818449 60096.78834333671 338.4434391297666 15.636689002689735
60096.78686618166 60096.788661303115 338.25648086388344 1.5302448246983715
60096.78718417882 60096.78897926951 338.13174683215317 0.6885968362877293
60096.78750217599 60096.78929723592 338.589269659543 15.78448218416488
60096.78782017315 60096.78961520232 338.0550137085179 -5.948344160297111
60096.78813817032 60096.78993316872 338.7938701137459 22.227389783488952
60096.78845616748 60096.79025113512 338.25071035643657 4.680952730985496
60096.78877416464 60096.79056910152 337.85398646025544 -8.7136924880392
60096.78909216181 60096.790887067924 337.6255802460331 -13.001940842364405
60096.78941015897 60096.79120503432 338.1755619736849 -8.556457867034098
60096.78972815614 60096.79152300073 338.14889598861083 -4.013480342052134
60096.7900461533 60096.791840967126 338.0998665992392 4.822447859769568
60096.79036415047 60096.79215893353 338.225670124985 5.898913415541685
60096.79068214763 60096.79247689993 338.49278862440553 13.905652386474223
60096.79100014479 60096.79279486633 337.5494126936842 -14.180177289174495
60096.79131814196 60096.79311283273 338.35043296563754 10.610596902695043
60096.79163613912 60096.79343079913 337.99554102051957 -6.706363135051063
60096.791954136286 60096.793748765536 338.06417425516673 -7.643066818331889
60096.79227213345 60096.794066731934 338.17691416331036 3.5745868340197546
60096.792590130615 60096.79438469834 337.77599950483824 -9.87704252217624
60096.792908127776 60096.79470266474 338.05378074671125 2.559034411291421
60096.79322612494 60096.79502063113 337.8855817869627 -2.728289087293419
60096.793544122105 60096.795338597534 337.80855491608764 -12.75178739118249
60096.793862119266 60096.79565656393 338.05572380974405 -8.171128847909884
60096.794180116434 60096.79597453034 338.5247374792374 4.807288684806508
60096.794498113595 60096.796292496736 337.4701499290778 -14.709675690734883
60096.79481611076 60096.79661046314 337.4941396334162 -16.462123629692485
60096.795134107924 60096.79692842954 337.5365359089192 -12.022466238368523
60096.795452105085 60096.79724639594 337.5922784533466 -21.52492945193383
60096.79577010225 60096.79756436234 338.30276315426215 4.911615502375355
60096.796088099414 60096.79788232874 337.99549146394315 -3.106250544106558
60096.79640609658 60096.79820029515 338.0394559155142 -0.7908130386648793
60096.79672409374 60096.798518261545 337.83984790458817 -11.119250405574974
60096.79704209091 60096.79883622795 338.49387793133855 15.44279186548156
60096.79736008807 60096.79915419434 338.1093279607037 -2.582927212525533
60096.79767808523 60096.79947216074 337.7139968958787 -15.759320457537015
60096.7979960824 60096.799790127145 338.1079587657572 -0.6143279592423454
60096.79831407956 60096.80010809354 338.6262724172351 7.267819113558772
60096.79863207673 60096.80042605995 338.00755506968966 -8.894944617774698
60096.79895007389 60096.80074402635 338.23711635370324 -0.5358540624252157
60096.79926807106 60096.80106199275 337.91157098519807 -3.9425933014936163
60096.79958606822 60096.80137995915 337.7275333008366 -14.644021125013154
60096.79990406538 60096.80169792554 337.83160366473817 -14.627763172955497
60096.80022206255 60096.802015891946 338.23189541844226 4.808578049557241
60096.80054005971 60096.802333858344 338.30035819098975 -1.1207254553221873
60096.80085805688 60096.80265182475 338.00117019363836 -3.1544596401017486
60096.80117605404 60096.80296979115 337.8648015669503 -7.233265584911919
60096.80149405121 60096.80328775755 338.0858421272308 -5.270419695330588
60096.80181204837 60096.80360572395 337.959649779212 -5.47017320861525
60096.80213004553 60096.80392369034 337.6718315551127 -4.30358014648769
60096.8024480427 60096.80424165675 337.7683321488796 -7.612221846168211
60096.80276603986 60096.804559623146 338.1639633201454 -2.088007041368911
60096.80308403703 60096.80487758955 338.01783018576236 -1.1415694386036108
60096.80340203419 60096.80519555595 337.8095128382273 -12.011941141207714
60096.80372003135 60096.80551352235 337.7058488622813 -11.73207768542278
60096.80403802852 60096.805831488746 338.18394412852217 3.7550915961033127
60096.80435602568 60096.806149455144 337.975744249136 -4.756114284016206
60096.804674022846 60096.80646742155 338.12546665358127 5.235483484927883
60096.80499202001 60096.80678538795 338.2969822356504 5.593983126462405
60096.805310017175 60096.80710335435 338.19139725245054 0.9861806415933643
60096.805628014336 60096.80742132075 337.923396036586 -6.88926291825355
60096.8059460115 60096.80773928714 337.79135134136715 -6.873548158838986
60096.806264008665 60096.80805725355 338.5121235780214 6.184210644474646
60096.806582005825 60096.808375219945 338.5521457978782 19.918656511093474
60096.806900002994 60096.80869318635 337.95747432377846 -8.793691303386723
60096.807218000155 60096.80901115275 338.1170229992832 0.262529674464659
60096.80753599732 60096.80932911915 338.3905210482003 10.546734368572444
60096.80785399448 60096.809647085545 338.5517805216199 15.65554206554642
60096.808171991644 60096.80996505194 338.1255697999866 -6.482150467192099
60096.80848998881 60096.81028301835 337.7712308885134 -15.701956463094831
60096.80880798597 60096.81060098474 338.3206266281995 8.66341613846366
60096.80912598314 60096.810918951145 338.0520091363625 2.645348827443101
60096.8094439803 60096.81123691754 337.5335373237659 -18.36520220103685
60096.80976197747 60096.81155488395 338.12039689218005 0.3328043849510891
60096.81007997463 60096.81187285035 337.4937551657639 -12.834427066061323
60096.81039797179 60096.81219081674 338.698407110017 13.939221630935613
60096.81071596896 60096.81250878314 338.3306881024775 10.42066744610456
60096.81103396612 60096.81282674954 338.00317001421524 -3.8331847015858216
60096.81135196329 60096.81314471595 337.7952742225013 -7.212743557900282
60096.81166996045 60096.81346268234 337.96529525943066 -5.65586578584643
60096.81198795762 60096.81378064874 338.7629996941704 11.504724339213993
60096.81230595478 60096.81409861514 338.04969927069556 4.021899019962078
60096.81262395194 60096.81441658153 338.0195877282149 -9.23783713477171
60096.81294194911 60096.81473454794 338.12434916006106 1.1085332953834524
60096.81325994627 60096.815052514336 338.08304484355006 -5.680740725493834
60096.81357794344 60096.81537048074 338.4635942462801 5.52102871655579
60096.8138959406 60096.81568844713 338.1834819089544 2.855737187214771
60096.81421393776 60096.81600641353 338.11788206767824 -11.101663740897322
60096.81453193493 60096.816324379935 338.42898874074206 9.961073292894412
60096.81484993209 60096.816642346326 338.2173186865435 4.637315348877948
60096.81516792926 60096.81696031273 337.7341670928777 -19.41915889370364
60096.81548592642 60096.81727827913 338.176788424905 -1.8909969779307971
60096.815803923586 60096.817596245535 338.76716281258166 12.428328079551164
