exoplanete 2.0/jw02722-o003_t001_niriss_clear-gr700xd-substrip256_whtlt.ecsv
# %ECSV 1.0
# ---
# datatype:
# - {name: MJD_UTC, datatype: float64}
# - {name: BJD_TDB, datatype: float64}
# - {name: whitelight_flux_order_1, datatype: float64}
# - {name: whitelight_flux_order_2, datatype: float64}
# meta: !!omap
# - {instrument: NIRISS}
# - {exp_type: NIS_SOSS}
# - {subarray: SUBSTRIP256}
# - {filter: CLEAR}
# - {pupil: GR700XD}
# - {target_name: K2-18}
# - {number_of_integrations: 648}
# schema: astropy-2.0
MJD_UTC BJD_TDB whitelight_flux_order_1 whitelight_flux_order_2
[from data line 217]
60096.679065143064 60096.68087069159 337.4390012956971 -0.743014341988868
60096.67938314023 60096.68118865801 337.5186353780678 0.5632083664513061
60096.67970113739 60096.681506624416 337.8341248437648 11.34695385476018
60096.68001913456 60096.68182459083 337.42867312975005 -2.558147708823043
60096.68033713172 60096.682142557234 337.11306947754025 -8.608309208281469
60096.68065512889 60096.68246052365 337.01536731573947 -6.751675514652632
60096.68097312605 60096.68277849005 336.8558198537301 -13.687662742603194
60096.68129112321 60096.683096456465 337.39172473867905 2.2100230094762594
60096.68160912038 60096.68341442288 337.41445573584735 4.740299609729334
60096.68192711754 60096.68373238928 336.43059855487036 -29.394108164260757
60096.68224511471 60096.684050355696 337.36614624688343 6.641836357117768
60096.68256311187 60096.6843683221 337.4860006370657 -0.4976074127093426
60096.68288110904 60096.68468628852 336.8364119848229 -14.244138393590845
60096.6831991062 60096.68500425493 337.2787733031673 -3.413622014623755
60096.68351710336 60096.68532222133 337.37094348221837 -5.155467109576222
60096.68383510053 60096.685640187745 337.164444989799 2.534055571295937
60096.68415309769 60096.68595815415 337.4667605816373 0.8159345719304412
60096.68447109486 60096.68627612056 337.172621540215 -3.783048886548528
60096.68478909202 60096.68659408697 337.3003424171509 -4.611863081820061
60096.685107089186 60096.68691205339 337.1275968784185 -4.999554281933499
60096.68542508635 60096.687230019794 337.15337455177064 -5.593236706245278
60096.68574308351 60096.6875479862 337.5453069929919 4.746234605913074
60096.686061080676 60096.68786595261 336.89080459439595 -10.941415742105278
60096.68637907784 60096.68818391902 337.5248448712871 6.410765846004665
60096.686697075005 60096.68850188543 337.79842852366704 13.44262561105996
60096.687015072166 60096.688819851835 337.0052846310928 -11.54322472101066
60096.687333069334 60096.68913781825 337.02541234598425 -4.084920529094106
60096.687651066495 60096.68945578466 337.32958979034504 3.2420985908581343
60096.687969063656 60096.689773751066 336.78025419036004 -8.90790958227285
60096.688287060824 60096.69009171748 337.06313536848523 -2.788453770974371
60096.688605057985 60096.690409683884 337.50454494892176 3.209053708745074
60096.68892305515 60096.6907276503 337.09680138879276 -8.125753575993642
60096.689241052314 60096.6910456167 337.19847244059497 1.7940253625481688
60096.689559049475 60096.69136358311 336.9080119802343 -9.650804657865507
60096.68987704664 60096.69168154952 337.47164681833056 9.070693723818195
60096.690195043804 60096.691999515926 337.28208649928797 4.810646359336204
60096.69051304097 60096.69231748234 337.41324316490136 7.653910296075736
60096.69083103813 60096.692635448744 337.22953585046025 6.856892116440221
60096.6911490353 60096.69295341516 337.19028118665733 -0.33225240851521676
60096.69146703246 60096.69327138157 337.45005521455255 12.24782447990691
60096.69178502962 60096.693589347975 335.902880035438 -25.606568932093836
60096.69210302679 60096.69390731439 337.4656793098561 1.5139743842270121
60096.69242102395 60096.69422528079 337.1716423474269 2.3863278495085325
60096.69273902112 60096.694543247206 337.0129899848943 -8.427337247664028
60096.69305701828 60096.69486121361 336.70413568579363 -13.232751234111873
60096.69337501545 60096.695179180024 336.8413602881933 -17.0237391907946
60096.69369301261 60096.69549714643 337.3255242949763 8.499355376362672
60096.69401100977 60096.695815112835 336.9031165613389 -6.27913509797277
60096.69432900694 60096.69613307925 336.9972839822708 -5.612068142691726
60096.6946470041 60096.69645104565 336.887630642972 -1.9471775638417057
60096.69496500127 60096.696769012065 336.73235241566323 -8.106747856671063
60096.69528299843 60096.69708697847 336.9382606519415 -11.013338441361043
60096.6956009956 60096.69740494488 336.96681309342125 -8.206014975469998
60096.69591899276 60096.69772291129 337.40022018790944 9.223401045784115
60096.69623698992 60096.698040877694 337.22593489111205 0.5829739110084518
60096.69655498709 60096.69835884411 336.8024594150504 -11.82083773431114
60096.69687298425 60096.69867681051 336.4017000120258 -25.56838124429514
60096.69719098142 60096.698994776925 337.53057223843757 3.4908079635799254
60096.69750897858 60096.69931274333 336.8190473851304 -8.152196795390566
60096.697826975746 60096.69963070974 337.4784701803436 11.038028912866096
60096.69814497291 60096.69994867615 336.6447044058682 -12.35652864827739
60096.69846297007 60096.700266642554 337.1078678872825 -2.5940114501924825
60096.698780967236 60096.70058460897 336.8018871762755 -7.058056578116862
60096.6990989644 60096.70090257537 337.3489891785507 6.241516456009535
60096.699416961565 60096.701220541785 337.16090880574905 0.012020132510642156
60096.699734958725 60096.70153850819 337.0627445288656 -4.158789712540965
60096.70005295589 60096.7018564746 337.2669052948791 3.2736871377323524
60096.700370953055 60096.70217444101 336.77330405668647 -12.307604131961128
60096.700688950215 60096.702492407414 337.13365530984015 1.0841467864783993
60096.70100694738 60096.70281037383 336.69750028420765 -4.220860592087902
60096.701324944544 60096.70312834023 337.3210193101917 2.9027887075158247
60096.70164294171 60096.703446306645 337.4099958625559 4.151738791317371
60096.70196093887 60096.70376427305 337.0329360136544 -4.884685420064386
60096.702278936034 60096.704082239456 337.0107288210632 -2.7994167933697014
60096.7025969332 60096.70440020587 337.56433372924937 17.134944180456642
60096.70291493036 60096.704718172274 337.6251475098794 5.491478971473214
60096.70323292753 60096.70503613869 336.8405247297565 -10.207323184508581
60096.70355092469 60096.70535410509 337.07791954279435 -7.242660835441569
60096.70386892186 60096.7056720715 337.0872465434286 -7.247035689402452
60096.70418691902 60096.7059900379 337.4591192871761 5.521139601260131
60096.70450491618 60096.70630800431 337.41417646853495 7.234565354150405
60096.70482291335 60096.70662597072 337.22111734266565 2.731661092356717
60096.70514091051 60096.706943937126 336.24074832773124 -22.133333228647814
60096.70545890768 60096.70726190354 336.834201053504 -11.401492832447062
60096.70577690484 60096.707579869944 336.99361828057727 -12.720211080733549
60096.70609490201 60096.70789783636 337.53228131873857 8.62810192419893
60096.70641289917 60096.70821580276 337.1446068942164 -4.338286412427692
60096.70673089633 60096.70853376917 337.3480159854531 10.700115961833738
60096.7070488935 60096.70885173558 337.11835614553706 -1.595345670176954
60096.70736689066 60096.70916970198 336.82072565418855 -10.156797466978603
60096.70768488783 60096.70948766839 337.5907552748101 10.88535490189544
60096.70800288499 60096.7098056348 336.90046720680186 -7.300231471610161
60096.70832088216 60096.71012360121 336.7172312540542 -9.814416043318147
60096.70863887932 60096.710441567615 337.2057473888218 -5.345533872600313
60096.70895687648 60096.71075953402 336.7706617659889 -5.9631084745538345
60096.70927487365 60096.71107750043 336.8578338986879 -13.733090029404963
60096.70959287081 60096.71139546684 336.6345632813589 -10.304683703669596
60096.709910867976 60096.711713433244 336.8791609971976 -8.234435793606252
60096.71022886514 60096.71203139965 337.0473880343013 -0.15124457245194378
60096.710546862305 60096.71234936606 336.48034472973563 -19.140969509016927
60096.710864859466 60096.71266733247 337.3147827664451 7.031504670098769
60096.71118285663 60096.71298529887 337.74697461993856 14.420011653446878
60096.711500853795 60096.713303265286 337.2101311690295 5.057687334793073
60096.711818850956 60096.71362123169 336.64774377062827 -10.332847711807858
60096.712136848124 60096.713939198096 336.9156566283548 -0.9150790872989774
60096.712454845285 60096.7142571645 337.4066311167429 8.783730997862733
60096.71277284245 60096.714575130914 336.32646719579 -13.105041403599017
60096.713090839614 60096.71489309732 336.9327355413834 -2.489748299917011
60096.713408836775 60096.715211063725 336.34501952772 -24.66290409584738
60096.71372683394 60096.71552903014 337.0660497868723 0.6212210213847413
60096.714044831104 60096.715846996536 336.86502395313835 -0.3947296338519237
60096.71436282827 60096.71616496295 337.29936128499423 6.390675501407429
60096.71468082543 60096.716482929354 336.3987675644855 -17.18334893570001
60096.7149988226 60096.71680089577 337.2728036556707 0.23110047471345752
60096.71531681976 60096.71711886217 337.14667965374065 0.30435024981638037
60096.71563481692 60096.71743682857 336.7770506258987 -12.045906952268226
60096.71595281409 60096.71775479498 337.11598599413685 0.8341898939504517
60096.71627081125 60096.71807276139 337.10834069211955 1.7507604992488979
60096.71658880842 60096.7183907278 337.20062661040254 3.043374703492958
60096.71690680558 60096.71870869421 337.33802200808327 3.5461619316226773
60096.71722480275 60096.71902666061 337.0368412922563 -0.38200454102273795
60096.71754279991 60096.71934462702 337.1495412369564 2.343782934634987
60096.71786079707 60096.71966259342 336.5522541097371 -8.360827153664914
60096.71817879424 60096.719980559836 337.08077295511515 -1.705736564544253
60096.7184967914 60096.720298526234 337.30967880331036 4.435586937843013
60096.71881478857 60096.72061649265 336.9227068480259 -6.667879481404583
60096.71913278573 60096.72093445905 337.01558007012545 -1.552353884313618
60096.7194507829 60096.721252425465 337.28950316684944 4.887291150796528
60096.71976878006 60096.72157039186 337.13554708669136 -2.0408876076550087
60096.72008677722 60096.72188835827 337.3398201174242 0.9434679979434435
60096.72040477439 60096.72220632468 337.8101899456036 14.920326054864574
60096.72072277155 60096.722524291086 337.49985502288774 11.625393671974706
60096.721040768716 60096.72284225749 336.827582199786 -6.403713973707639
60096.72135876588 60096.7231602239 337.4094983901135 1.6519668263869676
60096.721676763045 60096.72347819031 336.9292947551718 -11.427488728754213
60096.721994760206 60096.723796156715 337.4143211513246 11.946678659337586
60096.72231275737 60096.72411412311 337.458583362072 5.802833872240299
60096.722630754535 60096.724432089526 336.3781708557305 -28.505536568415536
60096.722948751696 60096.72475005593 337.32166334348705 -1.4813152969753531
60096.723266748864 60096.72506802234 336.95410657536115 -6.7023441419289895
60096.723584746025 60096.72538598874 337.0297735150259 -3.433490462521206
60096.72390274319 60096.725703955155 337.18548317386876 0.23220211366202648
60096.724220740354 60096.72602192156 337.17617891755424 0.12851244500282633
60096.724538737515 60096.72633988796 337.2181411788023 1.6498547630034182
60096.72485673468 60096.72665785437 337.4217515541027 13.033839226140977
60096.725174731844 60096.72697582078 336.7857623438368 -11.40391450993819
60096.72549272901 60096.72729378718 336.92485275598403 -2.7864328701831624
60096.72581072617 60096.72761175359 336.9126550969949 -2.9405332162189666
60096.72612872334 60096.72792972 337.0601558836863 -1.0374264992722573
60096.7264467205 60096.7282476864 337.0494962139902 -6.871968684883512
60096.72676471766 60096.728565652804 337.15252509592966 0.3408336509232299
60096.72708271483 60096.72888361922 337.31546937827915 8.375494976097713
60096.72740071199 60096.729201585615 336.5432330872197 -12.865589794363842
60096.72771870916 60096.72951955203 336.97101541129143 -3.5657209599178827
60096.72803670632 60096.72983751843 337.1275576719323 1.9147455314684123
60096.72835470348 60096.73015548483 336.7097667111221 -13.805088487596663
60096.72867270065 60096.73047345124 336.8656459588486 -12.109658818774932
60096.72899069781 60096.73079141765 337.22893125177563 -3.6874266748310163
60096.72930869498 60096.731109384054 337.3346289345353 5.8346158231840235
60096.72962669214 60096.73142735046 337.27048170555844 4.903123054377772
60096.72994468931 60096.73174531687 336.5051168651913 -12.377471162185657
60096.73026268647 60096.73206328327 338.00022457229403 20.500581298739952
60096.73058068363 60096.732381249676 337.0820777356456 -1.0614717386085886
60096.7308986808 60096.73269921609 336.661435586081 -16.27963675150923
60096.73121667796 60096.73301718249 337.04455906708165 -3.781711540791534
60096.73153467513 60096.7333351489 337.2599767928564 9.053211491929417
60096.73185267229 60096.7336531153 336.72394157327545 -8.801172749598678
60096.73217066946 60096.73397108171 337.3482253675409 7.985624828526298
60096.73248866662 60096.734289048116 337.0942332310882 0.32228678862252025
60096.73280666378 60096.734607014514 337.3944019184186 15.900246480869583
60096.73312466095 60096.73492498093 337.6680827792718 17.800887251282866
60096.73344265811 60096.73524294733 337.20658968399607 -2.922748956140424
60096.733760655276 60096.73556091374 337.20147449897127 4.143263945421751
60096.73407865244 60096.73587888014 337.17875953527437 4.952808302409792
60096.734396649605 60096.73619684655 337.2181637822083 2.3635358078440873
60096.734714646765 60096.736514812954 337.0514124138972 -5.6077191642523445
60096.73503264393 60096.73683277935 336.78050778769114 -7.500905866603659
60096.735350641095 60096.737150745765 337.3775970718515 4.668780068721986
60096.735668638255 60096.73746871217 336.9329139945732 -7.217588115409697
60096.73598663542 60096.737786678576 336.6508361681325 -14.321765969107958
60096.736304632585 60096.73810464498 336.8043230023297 1.922106553835789
60096.73662262975 60096.738422611386 337.3346670712434 7.808861562613799
60096.73694062691 60096.73874057779 336.73472252170257 3.153624651531885
60096.737258624074 60096.73905854419 337.23645758254077 5.867470224604176
60096.73757662124 60096.7393765106 336.97149481198016 -2.004415791924643
60096.7378946184 60096.73969447701 336.89958038893707 -9.753909446286045
60096.73821261557 60096.74001244341 336.8266145741484 -4.232110206571889
60096.73853061273 60096.74033040982 337.4305132624316 4.252625898077923
60096.73884860989 60096.74064837622 336.8204803406575 -6.513428410148805
60096.73916660706 60096.74096634263 337.43807961368896 13.440559658247096
60096.73948460422 60096.74128430903 336.6920898940185 -17.138051352249917
60096.73980260139 60096.74160227544 336.83990868079866 -7.411115422354641
60096.74012059855 60096.74192024184 336.71734879532505 -5.796297610699668
60096.74043859572 60096.74223820825 336.84981888775155 0.7199761976958428
60096.74075659288 60096.74255617465 336.5623475891708 -13.015352450040439
60096.74107459004 60096.742874141055 336.73338007603195 -14.069992385032776
60096.74139258721 60096.74319210746 336.82785799599674 -8.227261539795123
60096.74171058437 60096.743510073866 336.5078162077999 -23.571591618263568
60096.74202858154 60096.74382804027 336.9124640776609 -11.889090908790806
60096.7423465787 60096.74414600668 337.0708000674728 -0.2611242501027675
60096.74266457587 60096.74446397308 337.10887030799506 5.776171665005322
60096.74298257303 60096.74478193949 336.8423234405408 -6.7611095425673255
60096.74330057019 60096.745099905886 337.4429797961965 11.394762157593114
60096.74361856736 60096.7454178723 337.1403751462693 -2.601397112886602
60096.74393656452 60096.7457358387 337.17479910181316 2.8045439249299022
60096.74425456169 60096.74605380511 336.33416840008783 -20.2184040175744
60096.74457255885 60096.74637177151 337.0849986518958 -6.7437512194039755
60096.744890556016 60096.74668973792 336.7522833038724 0.9577327601857633
60096.74520855318 60096.74700770432 337.489444266035 8.52142143893245
60096.74552655034 60096.74732567072 336.8428976286476 -10.136542277479421
60096.745844547506 60096.74764363713 336.981676046658 -7.9662516038099085
60096.74616254467 60096.747961603534 336.9665748644012 -1.1329290698746632
60096.746480541835 60096.74827956994 337.20609128749584 5.69831110991899
60096.746798538996 60096.748597536345 337.2916534742251 -1.8725599755808702
60096.747116536164 60096.74891550275 336.9817793989047 3.2060269512437003
60096.747434533325 60096.749233469156 337.2059017397553 -5.116367086205386
