exoplanete 2.0/jw02722-o002_t001_miri_p750l-slitlessprism_whtlt.ecsv
# %ECSV 1.0
# ---
# datatype:
# - {name: MJD_UTC, datatype: float64}
# - {name: BJD_TDB, datatype: float64}
# - {name: whitelight_flux, datatype: float64}
# meta: !!omap
# - {instrument: MIRI}
# - {exp_type: MIR_LRS-SLITLESS}
# - {subarray: SLITLESSPRISM}
# - {filter: P750L}
# - {pupil: null}
# - {target_name: K2-18}
# - {number_of_integrations: 5095}
# schema: astropy-2.0
MJD_UTC BJD_TDB whitelight_flux
[from data line 2059]
60426.06626279523 60426.07115713554 7.372405789269056
60426.0663106555 60426.07120499243 7.355905587727444
60426.066358515774 60426.071252849324 7.370624164621628
60426.06640637604 60426.07130070621 7.357196198124333
60426.06645423631 60426.0713485631 7.356505739130718
60426.06650209658 60426.07139641999 7.3795079555265115
60426.06654995685 60426.07144427687 7.373923543740318
60426.06659781712 60426.071492133764 7.352407851192676
60426.06664567739 60426.071539990655 7.373975729227107
60426.06669353765 60426.07158784753 7.359147634294576
60426.066741397924 60426.07163570443 7.347914951136192
60426.06678925819 60426.07168356131 7.38360956317638
60426.06683711846 60426.0717314182 7.363673563728364
60426.06688497873 60426.07177927509 7.361177799114536
60426.066932839 60426.07182713198 7.345037014523276
60426.06698069927 60426.07187498886 7.364051490436871
60426.06702855954 60426.07192284575 7.362232836939697
60426.06707641981 60426.071970702644 7.360600644473952
60426.067124280074 60426.07201855953 7.38096941635354
60426.06717214035 60426.07206641642 7.374783649902778
60426.06722000061 60426.0721142733 7.371482426116042
60426.06726786088 60426.07216213019 7.377080326534044
60426.06731572115 60426.072209987076 7.345917296122337
60426.06736358142 60426.07225784396 7.361141509433077
60426.06741144169 60426.07230570086 7.368916644939363
60426.06745930196 60426.07235355774 7.374549307000023
60426.067507162225 60426.072401414625 7.355806810125146
60426.0675550225 60426.07244927152 7.378634795533113
60426.067602882766 60426.07249712841 7.373243739498971
60426.06765074303 60426.07254498529 7.374839320347108
60426.06769860331 60426.07259284218 7.348954070762779
60426.06774646357 60426.072640699065 7.354064834804373
60426.06779432384 60426.072688555956 7.350417119408154
60426.06784218411 60426.07273641284 7.355985894689002
60426.067890044375 60426.07278426973 7.373508795841077
60426.06793790465 60426.07283212662 7.3563121526486395
60426.067985764916 60426.072879983505 7.360318624704226
60426.06803362518 60426.072927840396 7.369495194783756
60426.06808148546 60426.07297569729 7.371146835435098
60426.068129345724 60426.07302355417 7.369171902590427
60426.06817720599 60426.073071411054 7.368459715449851
60426.068225066265 60426.07311926795 7.359938081788986
60426.068272926525 60426.07316712483 7.362015343204624
60426.0683207868 60426.07321498172 7.362667504693802
60426.068368647066 60426.07326283861 7.361220006765852
60426.06841650733 60426.073310695494 7.372812498581279
60426.06846436761 60426.073358552385 7.363470386261078
60426.068512227874 60426.07340640927 7.377517447139235
60426.06856008814 60426.07345426616 7.353539274232512
60426.068607948415 60426.07350212305 7.385811156561617
60426.06865580868 60426.073549979934 7.361717894469185
60426.06870366895 60426.073597836825 7.36829099833285
60426.06875152922 60426.073645693716 7.367006458987694
60426.06879938948 60426.07369355059 7.359749278952176
60426.06884724976 60426.07374140748 7.363280676548899
60426.068895110024 60426.073789264374 7.361153813379719
60426.06894297029 60426.07383712126 7.350426481506811
60426.068990830565 60426.07388497815 7.366682402132376
60426.06903869083 60426.07393283504 7.359452147314816
60426.0690865511 60426.07398069192 7.370122347401523
60426.06913441137 60426.074028548814 7.351501130890266
60426.06918227164 60426.0740764057 7.363294711867857
60426.06923013191 60426.07412426259 7.361732787881365
60426.06927799218 60426.07417211948 7.39854243127491
60426.06932585244 60426.074219976355 7.357828507050895
60426.069373712715 60426.07426783325 7.3757029698029655
60426.06942157298 60426.07431569014 7.347551146130006
60426.06946943325 60426.07436354702 7.363686575779339
60426.06951729352 60426.07441140391 7.364099083844149
60426.06956515379 60426.0744592608 7.354993795391168
60426.06961301406 60426.074507117686 7.355660574327488
60426.06966087433 60426.07455497458 7.356920842368256
60426.0697087346 60426.07460283147 7.374419448033634
60426.069756594865 60426.07465068835 7.3522591271404
60426.06980445514 60426.07469854524 7.362816711157311
60426.0698523154 60426.07474640212 7.342520109946751
60426.06990017567 60426.07479425902 7.362805833830308
60426.06994803594 60426.0748421159 7.358537498065899
60426.06999589621 60426.074889972784 7.3653198999984335
60426.07004375648 60426.074937829675 7.365084461383187
60426.07009161675 60426.074985686566 7.38908839999268
60426.070139477015 60426.07503354345 7.362469813711332
60426.07018733729 60426.07508140034 7.363583078754547
60426.070235197556 60426.07512925723 7.371708162807536
60426.07028305782 60426.075177114115 7.357519125371313
60426.0703309181 60426.075224971006 7.356825742626164
60426.07037877836 60426.07527282788 7.357290020277555
60426.07042663863 60426.07532068478 7.3640737694753575
60426.0704744989 60426.075368541664 7.369245577844987
60426.070522359165 60426.07541639855 7.350152514662846
60426.07057021944 60426.07546425544 7.364817982120997
60426.070618079706 60426.07551211233 7.372885005389376
60426.07066593997 60426.07555996921 7.36868828167257
60426.07071380025 60426.075607826104 7.368211763337354
60426.070761660514 60426.075655682995 7.3619172278858205
60426.07080952078 60426.07570353988 7.36511655602925
60426.070857381055 60426.07575139677 7.3667317781306085
60426.070905241315 60426.075799253646 7.371731253578436
60426.07095310159 60426.075847110544 7.35585951357594
60426.071000961856 60426.07589496743 7.361153778725425
60426.07104882212 60426.07594282431 7.365244843773917
60426.0710966824 60426.0759906812 7.359523695358465
60426.071144542664 60426.07603853809 7.373010141874345
60426.07119240293 60426.076086394976 7.342728070971764
60426.071240263205 60426.07613425187 7.350804820477583
60426.071288123465 60426.07618210875 7.36688224008572
60426.07133598374 60426.07622996564 7.369441794812117
60426.071383844006 60426.076277822525 7.362033921152034
60426.07143170427 60426.07632567941 7.344716121552605
60426.07147956455 60426.07637353631 7.359016840358032
60426.071527424814 60426.07642139319 7.365164804300944
60426.07157528508 60426.076469250074 7.356091969473617
60426.071623145355 60426.076517106965 7.354918637738288
60426.07167100562 60426.076564963856 7.349110892548132
60426.07171886589 60426.07661282074 7.348853690993129
60426.07176672616 60426.07666067763 7.379567415106419
60426.07181458642 60426.07670853451 7.3645319334677275
60426.0718624467 60426.076756391405 7.36424804376338
60426.071910306964 60426.07680424829 7.356427892950888
60426.07195816723 60426.07685210517 7.340773492073183
60426.072006027505 60426.07689996206 7.352494874330794
60426.07205388777 60426.076947818954 7.379715917500203
60426.07210174804 60426.07699567584 7.355631085916005
60426.07214960831 60426.07704353273 7.366948898266937
60426.07219746858 60426.07709138962 7.363729144906416
60426.07224532885 60426.0771392465 7.351456639912614
60426.07229318912 60426.077187103394 7.357419164083288
60426.07234104938 60426.07723496027 7.354324055285102
60426.072388909655 60426.07728281717 7.360908945998009
60426.07243676992 60426.07733067405 7.382644338877341
60426.07248463019 60426.077378530936 7.350896682504445
60426.07253249046 60426.07742638783 7.339745802763725
60426.07258035073 60426.07747424472 7.365699010702947
60426.072628211 60426.0775221016 7.354875067208155
60426.07267607127 60426.07756995849 7.359616189814737
60426.07272393154 60426.077617815376 7.3499563198828355
60426.072771791805 60426.07766567227 7.34960872541685
60426.07281965208 60426.07771352916 7.338427755090514
60426.07286751234 60426.077761386034 7.366908698005839
60426.07291537261 60426.077809242925 7.357920793620947
60426.07296323288 60426.077857099815 7.366318260242997
60426.07301109315 60426.0779049567 7.343451709487548
60426.07305895342 60426.07795281359 7.350983867770795
60426.07310681369 60426.07800067047 7.378386908104833
60426.073154673955 60426.078048527364 7.356299769554362
60426.07320253423 60426.078096384255 7.364281719116578
60426.0732503945 60426.07814424114 7.360962544205407
60426.07329825476 60426.07819209802 7.351533981851643
60426.07334611504 60426.07823995492 7.345910347347026
60426.0733939753 60426.0782878118 7.359899419546354
60426.07344183557 60426.07833566869 7.355384285533575
60426.07348969584 60426.07838352557 7.365192442501751
60426.073537556105 60426.07843138246 7.370182519749983
60426.07358541638 60426.07847923935 7.351679087346391
60426.07363327665 60426.07852709624 7.364544975892804
60426.07368113691 60426.07857495312 7.365390291934466
60426.07372899719 60426.07862281002 7.370418991250684
60426.073776857455 60426.0786706669 7.355890584329743
60426.07382471772 60426.078718523786 7.367848597329929
60426.073872577996 60426.07876638068 7.370349800728419
60426.073920438255 60426.07881423756 7.351032610148348
60426.07396829853 60426.07886209445 7.349546684550675
60426.0740161588 60426.078909951335 7.367406630110065
60426.07406401906 60426.07895780822 7.341076648965623
60426.07411187934 60426.07900566512 7.354821597175109
60426.074159739605 60426.079053522 7.346903298370155
60426.07420759987 60426.079101378884 7.366013978751365
60426.074255460146 60426.079149235775 7.362225679179563
60426.07430332041 60426.079197092666 7.363377030011759
60426.07435118068 60426.07924494955 7.363399457695568
60426.074399040954 60426.07929280644 7.362530856255248
60426.07444690121 60426.07934066332 7.356010578207
60426.07449476149 60426.079388520215 7.351256982017842
60426.074542621755 60426.0794363771 7.334758708198876
60426.07459048202 60426.07948423398 7.369623714073233
60426.074638342296 60426.07953209087 7.351313273591557
60426.07468620256 60426.079579947764 7.354791218430719
60426.07473406283 60426.07962780465 7.3405395797299064
60426.074781923104 60426.07967566154 7.35704635277967
60426.07482978337 60426.07972351842 7.361710624359043
60426.07487764364 60426.079771375305 7.336619319605975
60426.07492550391 60426.0798192322 7.353261402434668
60426.07497336417 60426.07986708908 7.342439267981721
60426.075021224446 60426.07991494597 7.353211087975273
60426.07506908471 60426.079962802854 7.358524061170449
60426.07511694498 60426.080010659745 7.349495603498628
60426.075164805254 60426.080058516636 7.36696596097448
60426.07521266552 60426.08010637352 7.353928402519004
60426.07526052579 60426.0801542304 7.368966167546587
60426.07530838606 60426.0802020873 7.3599771026203165
60426.07535624633 60426.080249944185 7.357849520601565
60426.075404106596 60426.08029780107 7.34712841321708
60426.07545196687 60426.08034565796 7.358379876853443
60426.07549982713 60426.08039351484 7.353217751377187
60426.075547687404 60426.080441371734 7.358237722294289
60426.07559554767 60426.08048922862 7.3589607488633195
60426.07564340794 60426.0805370855 7.355650347416297
60426.07569126821 60426.0805849424 7.3478138417110666
60426.07573912848 60426.08063279928 7.3476079589828736
60426.075786988746 60426.08068065617 7.340065296476842
60426.07583484902 60426.08072851306 7.357558185639027
60426.07588270929 60426.08077636994 7.354811106974108
60426.075930569554 60426.08082422683 7.3503453015904086
60426.07597842983 60426.08087208372 7.347656668709526
60426.07602629009 60426.0809199406 7.356428085850261
60426.07607415036 60426.08096779749 7.370668605521951
60426.07612201063 60426.08101565438 7.356008679150095
60426.076169870896 60426.081063511265 7.338958342410658
60426.07621773117 60426.081111368156 7.347417503633395
60426.07626559144 60426.08115922504 7.349181692777604
60426.076313451704 60426.08120708193 7.358767018157199
60426.07636131198 60426.08125493882 7.355337272490059
60426.076409172245 60426.081302795705 7.344424107858438
60426.07645703251 60426.08135065259 7.35576376778741
60426.076504892786 60426.08139850948 7.365341763725297
60426.076552753046 60426.08144636636 7.358516501758545
60426.07660061332 60426.081494223254 7.346321836129419
60426.07664847359 60426.08154208014 7.351444282131572
60426.076696333854 60426.08158993702 7.362588712450655
60426.07674419413 60426.08163779392 7.351465756989551
60426.076792054395 60426.0816856508 7.348465319172027
60426.07683991466 60426.081733507686 7.337553824975326
60426.076887774936 60426.08178136458 7.361004415575859
60426.0769356352 60426.08182922146 7.360027780039527
60426.07698349547 60426.08187707835 7.356582518875063
60426.077031355744 60426.08192493524 7.345677938891783
60426.077079216004 60426.08197279212 7.358704719475691
60426.07712707628 60426.08202064901 7.352069015582976
60426.077174936545 60426.0820685059 7.347156841405011
60426.07722279681 60426.082116362784 7.348524106012508
60426.077270657086 60426.082164219675 7.3495337309021105
60426.07731851735 60426.08221207656 7.334651868894397
60426.07736637762 60426.08225993344 7.3539555685762155
60426.077414237894 60426.08230779034 7.350743439043416
60426.077462098154 60426.08235564722 7.350709289354866
60426.07750995843 60426.08240350411 7.365536261907675
60426.077557818695 60426.08245136099 7.336406238263088
60426.07760567896 60426.08249921788 7.363392620882189
60426.077653539236 60426.08254707477 7.338438588426345
60426.0777013995 60426.08259493166 7.349105476373257
60426.07774925977 60426.08264278854 7.363764615660438
60426.077797120044 60426.08269064543 7.358495585439992
60426.07784498031 60426.08273850232 7.3549392409928736
60426.07789284058 60426.082786359206 7.351714269576451
60426.07794070085 60426.0828342161 7.354338590524106
60426.07798856111 60426.08288207297 7.375028380156474
60426.078036421386 60426.082929929864 7.3448292247952836
60426.07808428165 60426.082977786755 7.351602198132197
60426.07813214192 60426.08302564364 7.346030149966695
60426.078180002194 60426.08307350053 7.354509845251235
60426.07822786246 60426.08312135741 7.3627326601447525
60426.07827572273 60426.083169214304 7.356998135904716
60426.078323583 60426.083217071195 7.370849691226895
60426.07837144327 60426.08326492808 7.336549589326083
60426.078419303536 60426.08331278496 7.340177020657796
60426.07846716381 60426.08336064185 7.34490806450695
60426.07851502407 60426.08340849874 7.34866376589126
60426.078562884344 60426.08345635563 7.350231204402675
60426.07861074461 60426.08350421251 7.354898102949269
60426.07865860488 60426.083552069394 7.342334027050441
60426.07870646515 60426.083599926285 7.361690400181306
60426.07875432542 60426.083647783176 7.3468553023213214
60426.078802185686 60426.08369564006 7.3314764116875795
60426.07885004596 60426.08374349695 7.356331349872507
60426.07889790623 60426.083791353834 7.350083881346915
60426.078945766494 60426.083839210725 7.352123928891396
60426.07899362677 60426.083887067616 7.349318888726217
60426.07904148703 60426.08393492449 7.352624413919569
60426.0790893473 60426.08398278138 7.343393688353362
60426.07913720757 60426.08403063827 7.366677312775135
60426.079185067836 60426.08407849516 7.3449415528308855
60426.07923292811 60426.08412635205 7.360281057037807
60426.07928078838 60426.08417420893 7.332698286979775
60426.079328648644 60426.084222065816 7.359618244686029
60426.07937650892 60426.08426992271 7.358790406371339
60426.079424369185 60426.0843177796 7.350230075943419
60426.07947222945 60426.08436563648 7.350973007998869
60426.07952008973 60426.08441349337 7.353064965640379
60426.079567949986 60426.08446135025 7.3504225017579445
60426.07961581026 60426.08450920714 7.354582577222878
60426.07966367053 60426.08455706403 7.34392716971419
60426.079711530794 60426.084604920914 7.35764216738243
60426.07975939107 60426.084652777805 7.35512409934568
60426.079807251335 60426.08470063469 7.3576702023224305
60426.0798551116 60426.08474849157 7.3516143557352756
60426.07990297188 60426.08479634847 7.343281315700946
60426.07995083214 60426.084844205354 7.333764692903501
60426.07999869241 60426.08489206224 7.350768666024511
60426.080046552685 60426.08493991913 7.353803062767684
60426.080094412944 60426.084987776005 7.347977571588327
60426.08014227322 60426.0850356329 7.343911436895526
60426.080190133485 60426.08508348979 7.352974662415179
60426.08023799375 60426.08513134667 7.3436809438825765
