exoplanete 2.0/jw02722-o002_t001_miri_p750l-slitlessprism_whtlt.ecsv
# %ECSV 1.0
# ---
# datatype:
# - {name: MJD_UTC, datatype: float64}
# - {name: BJD_TDB, datatype: float64}
# - {name: whitelight_flux, datatype: float64}
# meta: !!omap
# - {instrument: MIRI}
# - {exp_type: MIR_LRS-SLITLESS}
# - {subarray: SLITLESSPRISM}
# - {filter: P750L}
# - {pupil: null}
# - {target_name: K2-18}
# - {number_of_integrations: 5095}
# schema: astropy-2.0
MJD_UTC BJD_TDB whitelight_flux
[from data line 2941]
60426.108475552406 60426.11336690955 7.3425769813016935
60426.10852341268 60426.11341476644 7.358397399436964
60426.10857127295 60426.113462623325 7.341753810760576
60426.108619133214 60426.11351048021 7.362595291797931
60426.10866699349 60426.1135583371 7.332173963926294
60426.108714853755 60426.11360619398 7.362499145626921
60426.10876271402 60426.11365405087 7.361972598751195
60426.1088105743 60426.11370190776 7.361856135987299
60426.108858434556 60426.113749764634 7.375611255645818
60426.10890629483 60426.113797621525 7.34151519789538
60426.1089541551 60426.11384547841 7.354502549525986
60426.109002015364 60426.11389333529 7.341173814399457
60426.10904987564 60426.11394119218 7.334848224775771
60426.109097735905 60426.11398904907 7.360365434199656
60426.10914559617 60426.11403690595 7.354987119108991
60426.10919345645 60426.11408476284 7.34924481745688
60426.10924131671 60426.114132619725 7.348751940942383
60426.10928917698 60426.11418047661 7.338402752468419
60426.109337037255 60426.1142283335 7.342093494615329
60426.109384897514 60426.114276190376 7.344461729291789
60426.10943275779 60426.11432404727 7.345385536715628
60426.109480618055 60426.11437190415 7.345130217198898
60426.10952847832 60426.114419761034 7.330053828574
60426.1095763386 60426.114467617925 7.34190705949452
60426.10962419886 60426.11451547481 7.364132947275022
60426.10967205913 60426.11456333169 7.355421474866619
60426.109719919405 60426.11461118858 7.358673376532967
60426.10976777967 60426.11465904547 7.358354738050151
60426.10981563994 60426.11470690235 7.353334328656883
60426.10986350021 60426.11475475924 7.330198066710235
60426.10991136047 60426.11480261612 7.370170275236507
60426.10995922075 60426.11485047301 7.3412670311116734
60426.11000708101 60426.11489832989 7.359844585217723
60426.11005494128 60426.114946186775 7.3534351187286635
60426.110102801555 60426.114994043666 7.348849319363914
60426.11015066182 60426.11504190055 7.33750233046093
60426.11019852209 60426.11508975743 7.349224202692518
60426.11024638236 60426.115137614324 7.347607215102094
60426.11029424263 60426.11518547121 7.360438285710015
60426.1103421029 60426.11523332809 7.332985024005295
60426.11038996317 60426.115281184975 7.354740566459574
60426.11043782343 60426.11532904185 7.3567666480769205
60426.110485683705 60426.11537689874 7.34968895216721
60426.11053354397 60426.115424755626 7.350910774517613
60426.11058140424 60426.11547261251 7.339615214326514
60426.11062926451 60426.1155204694 7.360421100685878
60426.11067712478 60426.115568326284 7.354271542775908
60426.11072498505 60426.11561618317 7.34526382653402
60426.11077284532 60426.11566404006 7.361062729135339
60426.11082070559 60426.11571189694 7.371240841807022
60426.110868565855 60426.115759753826 7.346215105867888
60426.11091642613 60426.11580761072 7.332357871526629
60426.11096428639 60426.11585546759 7.359279021495922
60426.11101214666 60426.115903324484 7.346634908698334
60426.11106000693 60426.11595118137 7.367091322595312
60426.1111078672 60426.11599903825 7.346168395136557
60426.11115572747 60426.11604689514 7.364060440958438
60426.11120358774 60426.116094752026 7.337577469766298
60426.111251448005 60426.11614260891 7.364040987200333
60426.11129930828 60426.1161904658 7.3561262630455975
60426.111347168546 60426.116238322684 7.354410742210903
60426.11139502881 60426.11628617957 7.353279016601828
60426.11144288909 60426.11633403646 7.341371400782734
60426.11149074935 60426.116381893335 7.354916813535999
60426.11153860962 60426.116429750226 7.343879258243501
60426.11158646989 60426.11647760711 7.340999997526292
60426.111634330155 60426.11652546399 7.3536238602490345
60426.11168219043 60426.116573320876 7.3543145249679585
60426.111730050696 60426.11662117776 7.352125820525
60426.11177791096 60426.11666903464 7.361741949579228
60426.11182577124 60426.116716891534 7.358017009019253
60426.111873631504 60426.11676474842 7.347430009601506
60426.11192149177 60426.1168126053 7.3507551882240225
60426.111969352045 60426.11686046219 7.357397254581701
60426.112017212305 60426.11690831907 7.348675981715348
60426.11206507258 60426.11695617596 7.336890125692929
60426.112112932846 60426.11700403284 7.349732099153817
60426.11216079311 60426.11705188973 7.345065044878313
60426.11220865339 60426.11709974662 7.360475832125911
60426.112256513654 60426.1171476035 7.340613236933512
60426.11230437392 60426.117195460385 7.355400148559113
60426.112352234195 60426.117243317276 7.347797428995205
60426.11240009446 60426.11729117416 7.358889636135429
60426.11244795473 60426.11733903104 7.364704357104907
60426.112495815 60426.117386887934 7.359803447095552
60426.11254367526 60426.11743474481 7.354067048217965
60426.11259153554 60426.1174826017 7.369817082364948
60426.112639395804 60426.117530458585 7.359499919009678
60426.11268725607 60426.11757831547 7.333741117698546
60426.112735116345 60426.11762617235 7.353767454596993
60426.11278297661 60426.117674029236 7.349716605363653
60426.11283083688 60426.11772188612 7.343295331318133
60426.11287869715 60426.11776974301 7.344518851880566
60426.11292655742 60426.117817599894 7.344242650841893
60426.11297441769 60426.11786545678 7.358774161172849
60426.11302227796 60426.11791331367 7.367394633141315
60426.11307013822 60426.117961170545 7.336920454322963
60426.113117998495 60426.118009027436 7.352516331582827
60426.11316585876 60426.11805688432 7.3513675603485416
60426.11321371903 60426.1181047412 7.352485814975228
60426.1132615793 60426.118152598094 7.348616383062211
60426.11330943957 60426.11820045498 7.350220089795622
60426.11335729984 60426.11824831186 7.340222886179777
60426.11340516011 60426.11829616875 7.379819777784621
60426.11345302038 60426.118344025635 7.3427861742105005
60426.113500880645 60426.11839188252 7.349010480455163
60426.11354874092 60426.11843973941 7.335614713002441
60426.11359660118 60426.118487596286 7.364648068143085
60426.11364446145 60426.11853545317 7.354907009351053
60426.11369232172 60426.11858331005 7.363681537006979
60426.11374018199 60426.11863116694 7.357382257290164
60426.11378804226 60426.11867902383 7.347624309118588
60426.11383590253 60426.11872688071 7.356102282735573
60426.113883762795 60426.118774737595 7.345479973105208
60426.11393162307 60426.118822594486 7.3661203056436495
60426.11397948333 60426.11887045136 7.363400971206825
60426.1140273436 60426.11891830825 7.366112581969489
60426.11407520387 60426.11896616514 7.34278936765732
60426.11412306414 60426.11901402202 7.353088599346798
60426.11417092441 60426.11906187891 7.336956127900933
60426.11421878468 60426.119109735795 7.366055358839272
60426.114266644945 60426.11915759268 7.342250370709355
60426.11431450522 60426.11920544957 7.359210875305235
60426.114362365486 60426.11925330645 7.357279598679035
60426.11441022575 60426.11930116334 7.360950056171208
60426.11445808603 60426.11934902022 7.341155205696692
60426.11450594629 60426.1193968771 7.350518942471867
60426.11455380656 60426.11944473399 7.34015441664616
60426.11460166683 60426.11949259087 7.348169838900368
60426.114649527095 60426.119540447755 7.353526697989805
60426.11469738737 60426.119588304646 7.360922874305919
60426.114745247636 60426.11963616153 7.358655758910226
60426.1147931079 60426.11968401841 7.339920975949794
60426.11484096818 60426.119731875304 7.36259152016552
60426.114888828444 60426.11977973219 7.346093106055892
60426.11493668871 60426.11982758907 7.351875574338193
60426.114984548985 60426.11987544596 7.370089457116251
60426.115032409245 60426.11992330284 7.346348392219194
60426.11508026952 60426.11997115973 7.361699972446941
60426.115128129786 60426.12001901661 7.347443328541583
60426.11517599005 60426.12006687349 7.365197424416031
60426.11522385033 60426.12011473038 7.350030120927157
60426.115271710594 60426.12016258726 7.365232176887334
60426.11531957086 60426.12021044415 7.3441623711101816
60426.115367431135 60426.12025830104 7.322157142250878
60426.1154152914 60426.12030615792 7.363053191181483
60426.11546315167 60426.120354014805 7.33242377193766
60426.11551101194 60426.120401871696 7.354754188346585
60426.1155588722 60426.12044972857 7.346715011258353
60426.11560673248 60426.12049758546 7.355041047897137
60426.115654592744 60426.12054544235 7.33566686769384
60426.11570245301 60426.12059329923 7.353931192544623
60426.115750313285 60426.12064115612 7.353173901456334
60426.11579817355 60426.120689013005 7.359346231554964
60426.11584603382 60426.12073686988 7.343352827895871
60426.11589389409 60426.12078472677 7.355510537110636
60426.11594175436 60426.120832583656 7.344888916843583
60426.11598961463 60426.12088044054 7.340551751557927
60426.1160374749 60426.12092829743 7.333596166286364
60426.11608533516 60426.12097615431 7.3675163617761825
60426.116133195435 60426.1210240112 7.33957856791756
60426.1161810557 60426.12107186808 7.353514068734887
60426.11622891597 60426.121119724965 7.3431927590099475
60426.11627677624 60426.121167581856 7.359546065087931
60426.11632463651 60426.12121543874 7.356232645223987
60426.11637249678 60426.12126329562 7.35395837761301
60426.11642035705 60426.121311152514 7.342631667851929
60426.11646821732 60426.12135900939 7.337536442839695
60426.116516077585 60426.121406866274 7.371667353392945
60426.11656393786 60426.121454723165 7.331041353038855
60426.11661179812 60426.12150258004 7.3656183402165025
60426.11665965839 60426.12155043693 7.3332711767277345
60426.11670751866 60426.121598293816 7.355058508928122
60426.11675537893 60426.1216461507 7.3508769859706415
60426.1168032392 60426.12169400759 7.340719773727624
60426.11685109947 60426.121741864474 7.353397453614979
60426.116898959735 60426.12178972136 7.364357832640872
60426.11694682001 60426.12183757825 7.347580184058646
60426.11699468028 60426.12188543513 7.34215358794866
60426.11704254054 60426.121933292015 7.3545805831988424
60426.11709040082 60426.1219811489 7.364192169912888
60426.11713826108 60426.122029005775 7.3343433019827025
60426.11718612135 60426.122076862666 7.329453165291935
60426.11723398162 60426.12212471955 7.347830524237473
60426.117281841885 60426.12217257643 7.370132872685726
60426.11732970216 60426.122220433324 7.347818346887579
60426.11737756243 60426.12226829021 7.345742713652915
60426.11742542269 60426.12231614709 7.359907941495815
60426.11747328297 60426.12236400398 7.338855645573701
60426.117521143235 60426.122411860866 7.354581783870545
60426.1175690035 60426.12245971775 7.350696868791364
60426.117616863776 60426.12250757464 7.353447488637194
60426.117664724035 60426.12255543151 7.355417174302026
60426.11771258431 60426.1226032884 7.349825825313604
60426.11776044458 60426.122651145284 7.354817007409132
60426.11780830484 60426.12269900217 7.34516041355978
60426.11785616512 60426.12274685906 7.365409205662125
60426.117904025385 60426.12279471594 7.346882400012538
60426.11795188565 60426.122842572826 7.3422031287736065
60426.117999745926 60426.12289042972 7.353844113944106
60426.11804760619 60426.1229382866 7.342702133967308
60426.11809546646 60426.122986143484 7.345293998387965
60426.118143326734 60426.123034000375 7.347005523114263
60426.11819118699 60426.123081857244 7.347022096938508
60426.11823904727 60426.123129714135 7.368704398116492
60426.118286907535 60426.12317757102 7.3513570506185175
60426.1183347678 60426.1232254279 7.361747889735405
60426.118382628076 60426.12327328479 7.329134007381731
60426.11843048834 60426.12332114168 7.351041474307806
60426.11847834861 60426.12336899856 7.362630085377686
60426.118526208884 60426.12341685545 7.360992726806087
60426.11857406915 60426.123464712335 7.34088939214292
60426.11862192942 60426.12351256922 7.363477800297055
60426.11866978969 60426.12356042611 7.344213404507274
60426.11871764995 60426.12360828298 7.364256958962699
60426.118765510226 60426.12365613987 7.342582931111787
60426.11881337049 60426.12370399675 7.368774627148353
60426.11886123076 60426.123751853636 7.349528579091879
60426.118909091034 60426.12379971053 7.3321966730394825
60426.1189569513 60426.12384756741 7.337924521858733
60426.11900481157 60426.123895424294 7.374720459193835
60426.11905267184 60426.123943281185 7.346464827464125
60426.11910053211 60426.12399113807 7.372425645302256
60426.119148392376 60426.12403899495 7.34424003944818
60426.11919625265 60426.124086851836 7.349191157424224
60426.11924411291 60426.12413470871 7.355776785063874
60426.119291973184 60426.1241825656 7.34821712711347
60426.11933983345 60426.12423042249 7.339548550880027
60426.11938769372 60426.12427827937 7.36146786060279
60426.11943555399 60426.12432613626 7.341174104951852
60426.11948341426 60426.124373993145 7.357311331781589
60426.119531274526 60426.12442185003 7.348792757782402
60426.1195791348 60426.12446970692 7.352571641739459
60426.11962699507 60426.1245175638 7.33167740069177
60426.119674855334 60426.12456542068 7.352787753028064
60426.11972271561 60426.12461327757 7.352015543263815
60426.11977057587 60426.12466113445 7.354443248470201
60426.11981843614 60426.12470899134 7.356728223711976
60426.11986629641 60426.12475684822 7.348843512731128
60426.119914156676 60426.124804705105 7.349838190324063
60426.11996201695 60426.124852561996 7.356941715276069
60426.12000987722 60426.12490041888 7.332834386406627
60426.120057737484 60426.12494827576 7.352807768673462
60426.12010559776 60426.12499613265 7.340239116797882
60426.12015345802 60426.12504398952 7.332080490765065
60426.12020131829 60426.125091846414 7.360530140780824
60426.12024917856 60426.1251397033 7.351876315134325
60426.120297038826 60426.12518756018 7.345345230719781
60426.1203448991 60426.12523541707 7.351559426303759
60426.12039275937 60426.125283273956 7.353472385424167
60426.120440619634 60426.12533113084 7.357880055655539
60426.12048847991 60426.12537898773 7.3420747925550645
60426.120536340175 60426.125426844614 7.35026832793909
60426.12058420044 60426.12547470149 7.351876183102574
60426.120632060716 60426.12552255838 7.332367904380314
60426.120679920976 60426.12557041526 7.350353417525329
60426.12072778125 60426.12561827215 7.358972004562878
60426.12077564152 60426.12566612903 7.36554554698126
60426.120823501784 60426.125713985915 7.365598286333217
60426.12087136206 60426.125761842806 7.338912546802078
60426.120919222325 60426.12580969969 7.357154970683959
60426.12096708259 60426.12585755657 7.3612907009138855
60426.121014942866 60426.12590541346 7.339448569079465
60426.12106280313 60426.12595327034 7.358829190170948
60426.1211106634 60426.126001127224 7.351173804723788
60426.121158523674 60426.126048984115 7.348249450628714
60426.121206383934 60426.12609684099 7.350547217787748
60426.12125424421 60426.12614469788 7.342074302968594
60426.121302104475 60426.126192554766 7.341130502250849
60426.12134996474 60426.12624041165 7.359777015780869
60426.121397825016 60426.12628826853 7.356288919418412
60426.12144568528 60426.12633612542 7.3541007556331
60426.12149354555 60426.1263839823 7.351031881804314
60426.121541405824 60426.12643183919 7.356102587492422
60426.12158926609 60426.126479696075 7.34705746773946
60426.12163712636 60426.12652755296 7.372694446193277
60426.12168498663 60426.12657540985 7.363066633855784
60426.12173284689 60426.126623266726 7.344233057723443
60426.121780707166 60426.12667112362 7.362496357209468
60426.12182856743 60426.12671898049 7.3477591373715665
60426.1218764277 60426.12676683738 7.3586618794424075
60426.121924287974 60426.12681469427 7.3657345381392005
60426.12197214824 60426.12686255115 7.345782775976033
60426.12202000851 60426.126910408035 7.3564547780686675
60426.12206786878 60426.126958264926 7.347086700221148
60426.12211572905 60426.12700612181 7.349347361949999
60426.122163589316 60426.12705397869 7.337579250540253
60426.12221144959 60426.12710183558 7.3621049089799575
60426.12225930985 60426.12714969245 7.349734623492402
60426.122307170124 60426.127197549344 7.343359525739164
60426.12235503039 60426.12724540623 7.366848016636592
60426.12240289066 60426.12729326311 7.346277238634439
60426.12245075093 60426.12734112 7.362766620976597
