exoplanete 2.0/jw02722-o002_t001_miri_p750l-slitlessprism_whtlt.ecsv
# %ECSV 1.0
# ---
# datatype:
# - {name: MJD_UTC, datatype: float64}
# - {name: BJD_TDB, datatype: float64}
# - {name: whitelight_flux, datatype: float64}
# meta: !!omap
# - {instrument: MIRI}
# - {exp_type: MIR_LRS-SLITLESS}
# - {subarray: SLITLESSPRISM}
# - {filter: P750L}
# - {pupil: null}
# - {target_name: K2-18}
# - {number_of_integrations: 5095}
# schema: astropy-2.0
MJD_UTC BJD_TDB whitelight_flux
60425.96771850156 60425.97261979791 7.02107275744584
60425.96776636183 60425.9726676548 7.512267927365067
60425.967814222095 60425.97271551169 7.340920176850564
60425.96786208237 60425.97276336859 7.33845219166302
60425.96790994263 60425.972811225474 7.367712244879438
60425.9679578029 60425.97285908237 7.353882005519511
60425.96800566317 60425.97290693926 7.354282771760148
60425.96805352344 60425.972954796154 7.368402503407697
60425.96810138371 60425.97300265305 7.323899469559383
60425.96814924398 60425.97305050994 7.359414340811291
60425.968197104245 60425.97309836684 7.361392224662835
60425.96824496452 60425.97314622374 7.351854658797544
60425.968292824786 60425.97319408063 7.34319884824075
60425.96834068505 60425.97324193752 7.373135645835554
60425.96838854533 60425.97328979442 7.350404698737046
60425.96843640559 60425.9733376513 7.340151254392829
60425.96848426586 60425.9733855082 7.366264720792328
60425.96853212613 60425.97343336509 7.35145771617554
60425.968579986395 60425.97348122198 7.349718220644834
60425.96862784667 60425.97352907888 7.340366763522091
60425.968675706936 60425.97357693577 7.355933455342324
60425.9687235672 60425.97362479266 7.353386256181042
60425.96877142748 60425.97367264956 7.368916458816784
60425.968819287744 60425.97372050645 7.365456840039164
60425.96886714801 60425.97376836334 7.352364777656287
60425.968915008285 60425.97381622024 7.365174836334666
60425.968962868545 60425.973864077125 7.337538092640213
60425.96901072882 60425.97391193402 7.357975961294952
60425.969058589086 60425.973959790914 7.3539569936906855
60425.96910644935 60425.97400764781 7.341658283888177
60425.96915430963 60425.97405550471 7.344189777827147
60425.969202169894 60425.9741033616 7.3552907012707625
60425.96925003016 60425.97415121849 7.36536818110986
60425.969297890435 60425.97419907539 7.351270780547181
60425.9693457507 60425.97424693228 7.360170213031144
60425.96939361097 60425.97429478917 7.353266310306005
60425.96944147124 60425.97434264607 7.362045465798211
60425.9694893315 60425.97439050295 7.347362155340503
60425.96953719178 60425.97443835985 7.342866437782735
60425.969585052044 60425.97448621674 7.363007307570435
60425.96963291231 60425.97453407363 7.353852153460001
60425.969680772585 60425.97458193053 7.353956917868787
60425.96972863285 60425.97462978742 7.364918882919513
60425.96977649312 60425.97467764431 7.361989117206043
60425.96982435339 60425.97472550121 7.351935173083177
60425.96987221366 60425.9747733581 7.367032603046251
60425.96992007393 60425.97482121499 7.341279175429239
60425.9699679342 60425.97486907189 7.3353917251821885
60425.97001579446 60425.974916928775 7.360400291434738
60425.970063654735 60425.97496478567 7.368900160242855
60425.970111515 60425.975012642564 7.356270892797036
60425.97015937527 60425.975060499455 7.3538018659044555
60425.97020723554 60425.97510835636 7.358654558091072
60425.97025509581 60425.97515621325 7.350146377241417
60425.97030295608 60425.97520407014 7.35933772390688
60425.97035081635 60425.97525192704 7.35705311345113
60425.97039867662 60425.97529978393 7.363582790172907
60425.970446536885 60425.97534764082 7.352995587416026
60425.97049439716 60425.97539549772 7.363167998859357
60425.97054225742 60425.975443354604 7.359641600186837
60425.97059011769 60425.9754912115 7.367517612440722
60425.97063797796 60425.97553906839 7.362794729920724
60425.97068583823 60425.975586925284 7.357544845890474
60425.9707336985 60425.97563478218 7.354299314124966
60425.97078155877 60425.97568263907 7.370745232726131
60425.970829419035 60425.975730495964 7.349980230836694
60425.97087727931 60425.97577835286 7.347077517252593
60425.970925139576 60425.97582620975 7.368773688203833
60425.97097299984 60425.975874066644 7.3663388474688976
60425.97102086012 60425.97592192354 7.337993118381146
60425.97106872038 60425.975969780426 7.3460549052218
60425.97111658065 60425.976017637324 7.353903071272381
60425.97116444092 60425.976065494215 7.355993172533599
60425.971212301185 60425.976113351106 7.38543319064018
60425.97126016146 60425.976161208004 7.377194239653631
60425.971308021726 60425.976209064895 7.367353327300478
60425.97135588199 60425.976256921786 7.340627991806443
60425.97140374227 60425.976304778684 7.351898800044276
60425.971451602534 60425.976352635575 7.372365679143801
60425.9714994628 60425.976400492465 7.362414919374136
60425.971547323075 60425.97644834937 7.358373109204401
60425.971595183335 60425.976496206255 7.367507561532765
60425.97164304361 60425.97654406315 7.3501814902713605
60425.971690903876 60425.97659192004 7.371314923018257
60425.97173876414 60425.976639776934 7.365041196806084
60425.97178662442 60425.97668763383 7.367571739889357
60425.971834484684 60425.97673549072 7.391006796902424
60425.97188234495 60425.976783347614 7.364842406712518
60425.971930205225 60425.97683120451 7.355124859802878
60425.97197806549 60425.9768790614 7.387702395885914
60425.97202592576 60425.976926918294 7.350554237338027
60425.97207378603 60425.97697477519 7.3662650047078015
60425.97212164629 60425.977022632076 7.3712715317735436
60425.97216950657 60425.977070488974 7.356138906116685
60425.972217366834 60425.977118345865 7.365713385069958
60425.9722652271 60425.977166202756 7.366555153596622
60425.972313087375 60425.977214059654 7.369398599732008
60425.97236094764 60425.977261916545 7.36352927299773
60425.97240880791 60425.977309773436 7.3672267206848
60425.97245666818 60425.977357630334 7.355307978099147
60425.97250452845 60425.977405487225 7.373151248416066
60425.97255238872 60425.977453344116 7.365225530166391
60425.97260024899 60425.977501201014 7.37297017246393
60425.97264810925 60425.9775490579 7.369051776829237
60425.972695969525 60425.977596914796 7.369335728253784
60425.97274382979 60425.97764477169 7.375566527916801
60425.97279169006 60425.97769262858 7.350548484356095
60425.97283955033 60425.977740485476 7.359541698490418
60425.9728874106 60425.97778834237 7.3754744410020425
60425.97293527087 60425.97783619926 7.360681037038653
60425.97298313114 60425.977884056156 7.354124499103238
60425.97303099141 60425.97793191305 7.38498160345787
60425.973078851675 60425.97797976994 7.352144651340945
60425.97312671195 60425.978027626836 7.3728643351309024
60425.97317457221 60425.97807548372 7.382382769303283
60425.97322243248 60425.97812334062 7.35943125363942
60425.97327029275 60425.97817119751 7.349351642166903
60425.97331815302 60425.9782190544 7.356847069720615
60425.97336601329 60425.9782669113 7.3583574315956986
60425.97341387356 60425.97831476819 7.380004409758447
60425.973461733825 60425.97836262508 7.349703536465901
60425.9735095941 60425.97841048198 7.378677453404635
60425.97355745437 60425.97845833887 7.344457343205395
60425.97360531463 60425.97850619576 7.369030337099105
60425.97365317491 60425.97855405266 7.347653828919388
60425.97370103517 60425.97860190954 7.377538966590551
60425.97374889544 60425.97864976644 7.370100541235545
60425.97379675571 60425.97869762334 7.362258393025028
60425.973844615975 60425.97874548023 7.38172466231656
60425.97389247625 60425.978793337126 7.336826109275808
60425.97394033652 60425.97884119402 7.368380455270844
60425.97398819678 60425.97888905091 7.357086405808803
60425.97403605706 60425.978936907806 7.361973065906265
60425.97408391732 60425.97898476469 7.350292582905393
60425.97413177759 60425.97903262159 7.384307347964365
60425.97417963786 60425.97908047848 7.356162809382099
60425.974227498125 60425.97912833537 7.354931523585374
60425.9742753584 60425.97917619227 7.350266660417335
60425.97432321867 60425.97922404916 7.358502466199802
60425.97437107893 60425.97927190605 7.369225328397603
60425.97441893921 60425.97931976295 7.368655520549572
60425.974466799475 60425.97936761984 7.371374478023013
60425.97451465974 60425.97941547673 7.364696827373854
60425.974562520016 60425.97946333363 7.3627520548003496
60425.974610380275 60425.97951119051 7.37884375025582
60425.97465824055 60425.97955904741 7.375776553621367
60425.97470610082 60425.9796069043 7.366577973171928
60425.97475396108 60425.97965476119 7.366288528722141
60425.97480182136 60425.97970261809 7.370496756236218
60425.974849681625 60425.97975047498 7.348551784199387
60425.97489754189 60425.97979833187 7.375929281203661
60425.974945402166 60425.97984618877 7.341379528849099
60425.97499326243 60425.97989404566 7.3761441586337115
60425.9750411227 60425.97994190255 7.337540402133157
60425.975088982974 60425.97998975945 7.371394616713596
60425.97513684323 60425.98003761633 7.337713271277339
60425.97518470351 60425.98008547323 7.375603216260652
60425.975232563775 60425.98013333012 7.363130339458273
60425.97528042404 60425.98018118701 7.378263629808353
60425.975328284316 60425.98022904391 7.3673630507999235
60425.97537614458 60425.9802769008 7.3696848603554646
60425.97542400485 60425.98032475769 7.363563818247723
60425.975471865124 60425.98037261459 7.361297940981201
60425.97551972539 60425.98042047148 7.380142178865588
60425.97556758566 60425.98046832837 7.3706225926258835
60425.97561544593 60425.98051618527 7.357129232714153
60425.97566330619 60425.980564042155 7.3814664942682295
60425.975711166466 60425.98061189905 7.371024197645529
60425.97575902673 60425.98065975594 7.376607739932989
60425.975806887 60425.980707612835 7.367008407486289
60425.975854747274 60425.98075546973 7.359917868018354
60425.97590260754 60425.98080332662 7.378376486875902
60425.97595046781 60425.980851183514 7.373635130422171
60425.97599832808 60425.98089904041 7.370174497936066
60425.97604618835 60425.9809468973 7.367654335698434
60425.976094048616 60425.980994754194 7.367277916415857
60425.97614190889 60425.98104261109 7.357554305405723
60425.97618976915 60425.981090467976 7.399651977241438
60425.976237629424 60425.981138324874 7.373316634838776
60425.97628548969 60425.981186181765 7.363177995009286
60425.97633334996 60425.981234038656 7.3530749042708745
60425.97638121023 60425.981281895554 7.381325073993507
60425.9764290705 60425.981329752445 7.370522366280287
60425.976476930766 60425.981377609336 7.364882159662042
60425.97652479104 60425.981425466234 7.360539463970989
60425.97657265131 60425.981473323125 7.373618213040169
60425.976620511574 60425.981521180016 7.356832160757644
60425.97666837185 60425.981569036914 7.374046861483814
60425.97671623211 60425.9816168938 7.372447035559928
60425.97676409238 60425.981664750696 7.358163030301842
60425.97681195265 60425.98171260759 7.376487487785201
60425.976859812916 60425.98176046448 7.369074457007591
60425.97690767319 60425.981808321376 7.368880228933635
60425.97695553346 60425.98185617827 7.350282995214341
60425.977003393724 60425.98190403516 7.361574511197863
60425.977051254 60425.981951892056 7.351599146097708
60425.977099114265 60425.98199974895 7.359980246054673
60425.97714697453 60425.98204760584 7.367769213401699
60425.977194834806 60425.98209546273 7.358387728833243
60425.977242695066 60425.98214331961 7.3726662700258165
60425.97729055534 60425.98219117651 7.368696167760078
60425.97733841561 60425.9822390334 7.381437336873271
60425.977386275874 60425.98228689029 7.36594714133295
60425.97743413615 60425.98233474719 7.381349095242562
60425.977481996415 60425.98238260408 7.377204876066008
60425.97752985668 60425.98243046097 7.379041209752234
60425.977577716956 60425.98247831787 7.344686404051389
60425.97762557722 60425.98252617476 7.348385510723162
60425.97767343749 60425.98257403165 7.36106395896274
60425.977721297764 60425.98262188855 7.364919406535461
60425.977769158024 60425.982669745434 7.368595865264435
60425.9778170183 60425.98271760233 7.390771395728363
60425.977864878565 60425.98276545922 7.376690981804939
60425.97791273883 60425.98281331611 7.359123819250117
60425.977960599106 60425.98286117301 7.376846624491653
60425.97800845937 60425.9829090299 7.375445676315311
60425.97805631964 60425.98295688679 7.343556033365974
60425.978104179914 60425.98300474369 7.375463869396702
60425.97815204018 60425.98305260058 7.36686265027034
60425.97819990045 60425.98310045747 7.350251052936452
60425.97824776072 60425.98314831437 7.365041620537384
60425.97829562098 60425.983196171255 7.3570117752834205
60425.978343481256 60425.98324402815 7.372771689405102
60425.97839134152 60425.983291885044 7.370335811125196
60425.97843920179 60425.983339741935 7.359267195563627
60425.978487062064 60425.98338759883 7.367291170093959
60425.97853492233 60425.983435455724 7.37176178519495
60425.9785827826 60425.983483312615 7.362918784880854
60425.97863064287 60425.98353116951 7.374591023958889
60425.97867850314 60425.983579026404 7.354551213371766
60425.978726363406 60425.983626883295 7.3654695483101635
60425.97877422368 60425.98367474019 7.3621887403990005
60425.97882208394 60425.98372259708 7.3904344366350285
60425.978869944214 60425.983770453975 7.352960062859999
60425.97891780448 60425.983818310866 7.3738721856241725
60425.97896566475 60425.98386616776 7.362792481839508
60425.97901352502 60425.983914024655 7.3741619533517095
60425.97906138529 60425.983961881546 7.38307106718219
60425.979109245556 60425.98400973844 7.370423192014041
60425.97915710583 60425.984057595335 7.359201553884894
60425.9792049661 60425.984105452226 7.375994083061066
60425.979252826364 60425.98415330912 7.3517917568193525
60425.97930068664 60425.984201166015 7.372230230116081
60425.9793485469 60425.9842490229 7.377010935780052
60425.97939640717 60425.98429687979 7.3539538726154925
60425.97944426744 60425.98434473668 7.387033898748663
60425.979492127706 60425.98439259357 7.373537921632831
60425.97953998798 60425.98444045047 7.368933297801907
60425.97958784825 60425.98448830736 7.372465594863949
60425.979635708514 60425.98453616425 7.370140285891638
60425.97968356879 60425.98458402115 7.3713349266108406
60425.979731429055 60425.98463187804 7.362705881900732
60425.97977928932 60425.98467973493 7.369946134953532
60425.9798271496 60425.98472759183 7.353258124928368
60425.979875009856 60425.98477544871 7.356762540180683
60425.97992287013 60425.98482330561 7.378556599410738
60425.9799707304 60425.9848711625 7.365694617875819
60425.980018590664 60425.98491901939 7.3785546852483295
60425.98006645094 60425.98496687629 7.3723984988435465
60425.980114311205 60425.98501473318 7.36444018772888
60425.98016217147 60425.98506259007 7.380461734790291
60425.98021003175 60425.98511044697 7.354779045714235
60425.980257892006 60425.985158303854 7.374626902389012
60425.98030575228 60425.98520616075 7.36837820258638
60425.98035361255 60425.98525401764 7.363063876792446
60425.980401472814 60425.985301874534 7.378381900667735
60425.98044933309 60425.98534973143 7.355915521742723
60425.980497193355 60425.98539758832 7.361829681532915
60425.98054505362 60425.985445445214 7.358583995187352
60425.9805929139 60425.98549330211 7.369960874090011
60425.98064077416 60425.985541159 7.363216330264388
60425.98068863443 60425.985589015894 7.372581215743241
60425.980736494705 60425.985636872785 7.366576981590622
60425.980784354964 60425.98568472967 7.366587361216884
60425.98083221524 60425.98573258657 7.355532115847396
60425.980880075505 60425.98578044346 7.358919111521454
60425.98092793577 60425.98582830035 7.3661833274578274
60425.98097579605 60425.98587615725 7.372790079677938
60425.98102365631 60425.98592401414 7.377900454740429
60425.98107151658 60425.98597187103 7.3655454314946835
60425.981119376855 60425.98601972793 7.366816764922296
60425.98116723712 60425.98606758482 7.377232356642237
60425.98121509739 60425.98611544171 7.369454655014909
60425.98126295766 60425.98616329861 7.35124807964451
60425.98131081792 60425.98621115549 7.376959241450144
60425.9813586782 60425.98625901239 7.362943181164487
60425.98140653846 60425.98630686928 7.377072555869997
60425.98145439873 60425.98635472617 7.369273917558713
60425.981502259005 60425.98640258307 7.365410837350512
60425.98155011927 60425.98645043996 7.367328918759754
60425.98159797954 60425.98649829685 7.372647009694331
60425.98164583981 60425.98654615375 7.355108265010287
60425.98169370008 60425.98659401064 7.384595640778032
60425.98174156035 60425.98664186753 7.362403420134789
