myPythonProg/jw02722-o003_t001_niriss_clear-gr700xd-substrip256_whtlt.ecsv
# %ECSV 1.0
# ---
# datatype:
# - {name: MJD, datatype: float64}
# - {name: whitelight_flux, datatype: float64}
# meta: !!omap
# - {instrument: NIRISS}
# - {detector: NIS}
# - {exp_type: NIS_SOSS}
# - {subarray: SUBSTRIP256}
# - {filter: CLEAR}
# - {pupil: GR700XD}
# - {target_name: K2-18}
# - {number_of_integrations: 1296}
# schema: astropy-2.0
MJD whitelight_flux
[from data line 881]
60096.7308986808 261.1048651622207
60096.7308986808 349.8010974857607
60096.7308986808 251.97206559147668
60096.7308986808 349.8570852663686
60096.7308986808 259.0584711561
60096.7308986808 350.0071662570881
60096.7308986808 255.06188728831683
60096.7308986808 349.9450297446294
60096.7308986808 247.81999824904645
60096.7308986808 349.95317719724244
60096.7308986808 252.46467193467257
60096.7308986808 349.78183252860714
60096.7308986808 249.87591094014587
60096.7308986808 349.8298632524397
60096.7308986808 249.1678277183894
60096.7308986808 349.62716992695994
60096.7308986808 248.81124627848112
60096.7308986808 349.78669184908324
60096.7308986808 244.76229622358835
60096.7308986808 349.94452385137384
60096.7308986808 252.53716714565934
60096.7308986808 349.7475676429417
60096.7308986808 256.17327192386387
60096.7308986808 349.86608071081974
60096.7308986808 261.72452105427703
60096.7308986808 349.814954213743
60096.7308986808 252.7750731438242
60096.7308986808 349.8271851003005
60096.7308986808 251.65988018767166
60096.7308986808 349.49940569073004
60096.7308986808 238.26179348294673
60096.7308986808 349.995285206277
60096.7308986808 255.30074499697275
60096.7308986808 349.6131388365303
60096.7308986808 247.34256402382036
60096.7308986808 349.33931880004315
60096.7308986808 238.83133023510035
60096.7308986808 349.8926334582137
60096.7308986808 257.278177088196
60096.7308986808 349.7567964992629
60096.7308986808 249.59218162117548
60096.7308986808 349.70793633769136
60096.7308986808 242.7355623041068
60096.7308986808 350.2288951886029
60096.7308986808 257.5968199058608
60096.7308986808 349.2661592292028
60096.7308986808 236.52066696291607
60096.7308986808 349.98177562078735
60096.7308986808 260.0280339824216
60096.7308986808 349.6401818314066
60096.7308986808 239.70107663393924
60096.7308986808 349.9668347390486
60096.7308986808 264.93146976565976
60096.7308986808 349.61175148687283
60096.7308986808 240.21292260086688
60096.7308986808 350.01727774199196
60096.7308986808 260.2642071914862
60096.7308986808 349.5366986045809
60096.7308986808 246.6334885340832
60096.7308986808 349.5963794065656
60096.7308986808 242.86460921966307
60096.7308986808 350.12981901582594
60096.7308986808 255.26120257247092
60096.7308986808 350.00876296053616
60096.7308986808 254.8774872962654
60096.7308986808 350.0121932827177
60096.7308986808 265.84795881078463
60096.7308986808 349.47681045723857
60096.7308986808 234.62902416394894
60096.7308986808 349.3680589581481
60096.7308986808 236.22030737713644
60096.7308986808 349.75285384567064
60096.7308986808 251.79317300887863
60096.7308986808 349.7588980208351
60096.7308986808 247.39920782262286
60096.7308986808 349.9715807552825
60096.7308986808 269.0857775559814
60096.7308986808 350.40844769544776
60096.7308986808 262.3785259791335
60096.7308986808 349.9986362744718
60096.7308986808 260.78232175399614
60096.7308986808 349.1257574015136
60096.7308986808 236.8634667635791
60096.7308986808 349.7519814247712
60096.7308986808 255.6649750299466
60096.7308986808 350.2063505736028
60096.7308986808 255.64377861373097
60096.7308986808 349.19635903675385
60096.7308986808 234.03867396833974
60096.7308986808 349.5738993848685
60096.7308986808 245.63110438469874
60096.7308986808 349.8656474852736
60096.7308986808 245.01530650416643
60096.7308986808 349.8837187655291
60096.7308986808 251.97239339949087
60096.7308986808 349.81476930043317
60096.7308986808 247.81151661688975
60096.7308986808 350.08396538859745
60096.7308986808 261.0201576249835
60096.7308986808 349.6305862458074
60096.7308986808 249.101867206622
60096.7308986808 349.5513170287112
60096.7308986808 245.37040767735112
60096.7308986808 350.2469535668372
60096.7308986808 265.38710148606333
60096.7308986808 350.4317347619856
60096.7308986808 273.6291075688226
60096.7308986808 349.7250286020309
60096.7308986808 240.98655558535353
60096.7308986808 350.6816092014166
60096.7308986808 270.6204832433013
60096.7308986808 350.87003630904724
60096.7308986808 270.52918516797905
60096.7308986808 350.24942037364895
60096.7308986808 263.2910372011258
60096.7308986808 349.7192753878406
60096.7308986808 241.06279390117317
60096.7308986808 350.40442346631494
60096.7308986808 264.6142848266994
60096.7308986808 349.79202768855134
60096.7308986808 258.9939715034828
60096.7308986808 350.13577112242496
60096.7308986808 266.23606297730515
60096.7308986808 350.02600941290814
60096.7308986808 251.06875824168864
60096.7308986808 350.00338101815333
60096.7308986808 255.66412702154827
60096.7308986808 349.4638213461484
60096.7308986808 236.10364340572158
60096.7308986808 349.94617520830514
60096.7308986808 253.0392198401447
60096.7308986808 349.8432512475649
60096.7308986808 249.27877395303074
60096.7308986808 349.81999642457015
60096.7308986808 248.4226571472221
60096.7308986808 349.9535083490357
60096.7308986808 256.1033346809619
60096.7308986808 350.1335532106199
60096.7308986808 252.89054309421957
60096.7308986808 349.92678388825834
60096.7308986808 255.54915439345575
60096.7308986808 349.8706389414411
60096.7308986808 247.2051448913373
60096.7308986808 349.9493603050669
60096.7308986808 255.41174652360584
60096.7308986808 349.8790542614621
60096.7308986808 241.63767809738025
60096.7308986808 349.75978454318135
60096.7308986808 238.8849113451369
60096.7308986808 349.60229673589714
60096.7308986808 241.8823543526349
60096.7308986808 350.0477933632684
60096.7308986808 249.8368032767159
60096.7308986808 349.91403365361987
60096.7308986808 245.21215490068846
60096.7308986808 350.30223444141575
60096.7308986808 257.1409185087659
60096.7308986808 350.1599645505623
60096.7308986808 253.197740516348
60096.7308986808 350.0362688171755
60096.7308986808 252.44900778011032
60096.7308986808 350.52408598166323
60096.7308986808 265.6515376400658
60096.7308986808 350.3074271523901
60096.7308986808 260.81531665837645
60096.7308986808 350.7948847922528
60096.7308986808 266.0187128213456
60096.7308986808 350.3884878418867
60096.7308986808 256.4747996312895
60096.7308986808 350.148314022003
60096.7308986808 253.8067796583258
60096.7308986808 350.5677935414478
60096.7308986808 249.07241436220278
60096.7308986808 350.4452200243264
60096.7308986808 256.3777309443443
60096.7308986808 351.1024142132733
60096.7308986808 257.7790555377528
60096.7308986808 350.84302543432045
60096.7308986808 257.434501653399
60096.7308986808 350.5120340708179
60096.7308986808 251.7955090955743
60096.7308986808 351.0122502225386
60096.7308986808 267.9251291403631
60096.7308986808 350.14171879336385
60096.7308986808 240.87989164314635
60096.7308986808 350.2103278459463
60096.7308986808 237.66682615795563
60096.7308986808 350.755934650556
60096.7308986808 256.52530982515333
60096.7308986808 351.2870479139408
60096.7308986808 259.7568854606108
60096.7308986808 351.1264526177222
60096.7308986808 256.58133656902385
60096.7308986808 350.33707464128037
60096.7308986808 246.79953175826253
60096.7308986808 351.36158957159466
60096.7308986808 266.35795407990395
60096.7308986808 350.52525620510085
60096.7308986808 252.6104476669298
60096.7308986808 350.9740841753618
60096.7308986808 251.1026371525031
60096.7308986808 351.1062423940408
60096.7308986808 261.90184856580515
60096.7308986808 351.03273920209836
60096.7308986808 257.85961296916736
60096.7308986808 351.59329830905824
60096.7308986808 272.996413468279
60096.7308986808 350.8269981004639
60096.7308986808 252.3253549561646
60096.7308986808 351.3098163953107
60096.7308986808 262.6358852895727
60096.7308986808 350.62363212509274
60096.7308986808 243.11062904508788
60096.7308986808 350.83776388387935
60096.7308986808 257.56721333876004
60096.7308986808 351.1185108317161
60096.7308986808 252.68876881291555
60096.7308986808 350.99340682017606
60096.7308986808 250.22842790071047
60096.7308986808 351.1809035708859
60096.7308986808 258.4063858357253
60096.7308986808 350.9143791240441
60096.7308986808 249.43595120096396
60096.7308986808 350.6470296323738
60096.7308986808 244.95449836855198
60096.7308986808 350.2873163161711
60096.7308986808 230.48507357200128
60096.7308986808 351.07638606965156
60096.7308986808 261.1724057833703
60096.7308986808 351.2770146143861
60096.7308986808 270.3669888872451
60096.7308986808 351.0984935146854
60096.7308986808 256.1299780342016
60096.7308986808 350.97037526223914
60096.7308986808 255.36771787973828
60096.7308986808 351.430384561088
60096.7308986808 270.47816301558373
60096.7308986808 350.89472618639763
60096.7308986808 248.67524854023586
60096.7308986808 351.63534981104334
60096.7308986808 276.90157428292446
60096.7308986808 351.09266594552776
60096.7308986808 259.15300594257155
60096.7308986808 350.6972970911095
60096.7308986808 245.8819295900729
60096.7308986808 350.46999967549664
60096.7308986808 241.4658265418833
60096.7308986808 351.0139822938439
60096.7308986808 246.12535890280003
60096.7308986808 350.9917394812303
60096.7308986808 250.6133358759219
60096.7308986808 350.94407833758186
60096.7308986808 259.48228064909495
60096.7308986808 351.0662708714473
60096.7308986808 260.5986361502856
60096.7308986808 351.3327484337163
60096.7308986808 268.61335271682765
60096.7308986808 350.39084979284144
60096.7308986808 240.44496332732282
60096.79131814196 351.2067772604426
60096.79131814196 265.8287147136217
60096.79131814196 350.8505458903653
60096.79131814196 248.65786919999692
60096.79131814196 350.9233275710301
60096.79131814196 247.52389360356065
60096.79131814196 351.0332292003076
60096.79131814196 258.8738887738261
60096.79131814196 350.6343675971602
60096.79131814196 245.42453751672093
60096.79131814196 350.91296611725073
60096.79131814196 257.88110479555655
60096.79131814196 350.7440065038474
60096.79131814196 252.5798875103946
60096.79131814196 350.6699780842057
60096.79131814196 242.49872880249166
60096.79131814196 350.91450889249194
60096.79131814196 247.05835767168037
60096.79131814196 351.3857202442943
60096.79131814196 260.04670025272503
60096.79131814196 350.3308450915969
60096.79131814196 240.56853852418845
60096.79131814196 350.3491950546961
60096.79131814196 238.72008751666
60096.79131814196 350.39638012124556
60096.79131814196 243.1391934254125
60096.79131814196 350.4524351122382
60096.79131814196 233.63699548716303
60096.79131814196 351.1591480644113
60096.79131814196 260.2859902508327
60096.79131814196 350.8556339670786
60096.79131814196 252.20587975943513
60096.79131814196 350.89987983780986
60096.79131814196 254.49455050751612
60096.79131814196 350.7007672670316
60096.79131814196 244.16487228338372
60096.79131814196 351.35080031380403
60096.79131814196 270.77130203414447
60096.79131814196 350.9679322884695
60096.79131814196 252.65817127836513
60096.79131814196 350.571855354604
60096.79131814196 239.51401846503404
60096.79131814196 350.9658967918064
60096.79131814196 254.72793041099013
60096.79131814196 351.4839424863037
60096.79131814196 262.62648454078567
60096.79131814196 350.8659558193782
60096.79131814196 246.37856777845633
60096.79131814196 351.09640458180144
60096.79131814196 254.73736771017096
60096.79131814196 350.7691642923053
60096.79131814196 251.35066899758988
60096.79131814196 350.5896394981346
60096.79131814196 240.61789020449424
60096.79131814196 350.6910599373122
60096.79131814196 240.5909281119179
60096.79131814196 351.09037108946563
60096.79131814196 260.06382551833974
60096.79131814196 351.15603033461866
60096.79131814196 254.144899301851
60096.79131814196 350.85775429331187
60096.79131814196 252.13704322065865
60096.79131814196 350.723240094202
60096.79131814196 248.03546802369812
60096.79131814196 350.9452897995527
60096.79131814196 250.02596396531854
60096.79131814196 350.81687889343317
60096.79131814196 249.4318815381111
60096.79131814196 350.53240531737333
60096.79131814196 250.95499676325642
60096.79131814196 350.62942200546007
60096.79131814196 247.60075651897398
60096.79131814196 351.0227991449533
60096.79131814196 253.22517407394204
60096.79131814196 350.87070494383295
60096.79131814196 254.22534263122958
60096.79131814196 350.6677655793437
60096.79131814196 243.30386808495263
60096.79131814196 350.56136758294633
60096.79131814196 243.55194673124234
60096.79131814196 351.0437399430481
60096.79131814196 259.008415648536
60096.79131814196 350.8337723565806
60096.79131814196 250.5529610721716
60096.79131814196 350.97870435070024
60096.79131814196 260.57867473886336
60096.79131814196 351.15449678848927
60096.79131814196 260.8849057012151
60096.79131814196 351.0495517881183
60096.79131814196 256.3110745012759
60096.79131814196 350.7838118532337
60096.79131814196 248.34300234155685
60096.79131814196 350.65213234651986
60096.79131814196 248.34613700747678
60096.79131814196 351.36778678812993
60096.79131814196 261.5208337252986
60096.79131814196 351.4076918741996
60096.79131814196 275.1912667572816
60096.79131814196 350.81584300538384
60096.79131814196 246.44794965218125
60096.79131814196 350.9751958602436
60096.79131814196 255.574728606939
60096.79131814196 351.2474879241486
60096.79131814196 265.88138690906806
60096.79131814196 351.40895011805276
60096.79131814196 270.88533493150635
60096.79131814196 350.9868282263018
60096.79131814196 248.7752187678731
60096.79131814196 350.632566140667
60096.79131814196 239.49002001461918
60096.79131814196 351.1794227365004
60096.79131814196 263.96807701968794
60096.79131814196 350.9007363675613
60096.79131814196 257.96051826907467
60096.79131814196 350.39600040055444
60096.79131814196 236.85275450718933
60096.79131814196 350.97715183210335
60096.79131814196 255.65921808100336
60096.79131814196 350.35463506807776
60096.79131814196 242.3001911308534
60096.79131814196 351.55607619777635
60096.79131814196 269.26789573332337
60096.79131814196 351.189103089467
60096.79131814196 265.7813230710985
60096.79131814196 350.8626343534144
60096.79131814196 251.45055422402274
60096.79131814196 350.6548277644908
60096.79131814196 248.0404634425591
60096.79131814196 350.82441455729645
60096.79131814196 249.61971106676577
60096.79131814196 351.6196501865741
60096.79131814196 266.7666048313551
60096.79131814196 350.9097709606017
60096.79131814196 259.28140805098786
60096.79131814196 350.87790542340616
60096.79131814196 246.11279951409153
60096.79131814196 350.9842828046826
60096.79131814196 256.4045178077744
60096.79131814196 350.94219633767386
60096.79131814196 249.61448285200922
60096.79131814196 351.3209237525449
60096.79131814196 260.71692052159676
60096.79131814196 351.04046974092284
60096.79131814196 258.11997933209756
60096.79131814196 350.9781726571853
60096.79131814196 244.17152685491618
60096.79131814196 351.28395002094123
60096.79131814196 265.330765898143
60096.79131814196 351.0755890554999
60096.79131814196 260.0082641418325
60096.79131814196 350.5967721248146
60096.79131814196 235.77072412206564
60096.79131814196 351.0336894932059
60096.79131814196 253.4322200936379
60096.79131814196 351.623458069659
60096.79131814196 267.7376904003452
