myPythonProg/jw02722-o003_t001_niriss_clear-gr700xd-substrip256_whtlt.ecsv
# %ECSV 1.0
# ---
# datatype:
# - {name: MJD, datatype: float64}
# - {name: whitelight_flux, datatype: float64}
# meta: !!omap
# - {instrument: NIRISS}
# - {detector: NIS}
# - {exp_type: NIS_SOSS}
# - {subarray: SUBSTRIP256}
# - {filter: CLEAR}
# - {pupil: GR700XD}
# - {target_name: K2-18}
# - {number_of_integrations: 1296}
# schema: astropy-2.0
MJD whitelight_flux
60096.61005975848 350.6292798776387
60096.61005975848 251.829915526316
60096.61005975848 350.7596384263435
60096.61005975848 250.0984857249837
60096.61005975848 350.79769430401836
60096.61005975848 252.88567619425322
60096.61005975848 351.0071731862189
60096.61005975848 251.0365883344492
60096.61005975848 351.17197601464534
60096.61005975848 255.10682191736467
60096.61005975848 351.0960888509494
60096.61005975848 254.85239338705736
60096.61005975848 351.2908044664072
60096.61005975848 256.09141494231517
60096.61005975848 350.5673105909143
60096.61005975848 248.63568001783804
60096.61005975848 351.0153686983448
60096.61005975848 253.66930129926146
60096.61005975848 351.1723730069671
60096.61005975848 254.36313130399398
60096.61005975848 351.1804623138246
60096.61005975848 257.58051909861115
60096.61005975848 350.8850194668328
60096.61005975848 251.8392072812917
60096.61005975848 351.51683382329736
60096.61005975848 264.997782004227
60096.61005975848 350.20078496143606
60096.61005975848 239.16196307839166
60096.61005975848 350.7230001565175
60096.61005975848 246.59656516434188
60096.61005975848 351.22109155381906
60096.61005975848 261.0532994559803
60096.61005975848 350.354275207442
60096.61005975848 240.3830844626754
60096.61005975848 350.60813768209334
60096.61005975848 243.93289155069849
60096.61005975848 351.1486941497289
60096.61005975848 258.51661807556496
60096.61005975848 351.46025325058287
60096.61005975848 262.93310468143653
60096.61005975848 350.45824577169606
60096.61005975848 242.2513565926754
60096.61005975848 350.3551176421574
60096.61005975848 243.1524945676904
60096.61005975848 351.21225061037273
60096.61005975848 263.4512699349116
60096.61005975848 350.7092951377674
60096.61005975848 240.92176033663384
60096.61005975848 350.64193678938693
60096.61005975848 243.73176621610068
60096.61005975848 350.8280666343994
60096.61005975848 257.2829013760529
60096.61005975848 350.3305490680591
60096.61005975848 231.84971180443966
60096.61005975848 351.2259868785683
60096.61005975848 260.62410389959314
60096.61005975848 351.13813527966835
60096.61005975848 254.8153214855423
60096.61005975848 350.83277799505584
60096.61005975848 254.42626593262293
60096.61005975848 351.0732432935547
60096.61005975848 256.02438244646504
60096.61005975848 351.2131802515454
60096.61005975848 260.0398564446092
60096.61005975848 350.7828971064332
60096.61005975848 260.6377095439766
60096.61005975848 350.83270538972374
60096.61005975848 245.87681484557908
60096.61005975848 350.83859183966104
60096.61005975848 250.6173768064661
60096.61005975848 350.64932741575524
60096.61005975848 245.79765223468266
60096.61005975848 351.56801122283696
60096.61005975848 279.7956575649732
60096.61005975848 351.53317303073345
60096.61005975848 268.0911798516769
60096.61005975848 351.49620934825725
60096.61005975848 266.4928539166044
60096.61005975848 351.0314128146525
60096.61005975848 255.29643673541688
60096.61005975848 351.0184483483141
60096.61005975848 256.33165459210994
60096.61005975848 350.9226123038154
60096.61005975848 259.7627451630687
60096.61005975848 351.2672707619935
60096.61005975848 264.90095585518543
60096.61005975848 350.69307036678674
60096.61005975848 246.53363167704603
60096.61005975848 350.99910843046587
60096.61005975848 250.12907612912625
60096.61005975848 350.9773978908038
60096.61005975848 251.17761333664018
60096.61005975848 351.0658773893217
60096.61005975848 262.03438682702847
60096.61005975848 351.18988529098374
60096.61005975848 261.13332885597504
60096.61005975848 351.1293848323545
60096.61005975848 263.3105661370497
60096.61005975848 350.96514876107
60096.61005975848 251.22464250354145
60096.61005975848 351.10832348892853
60096.61005975848 256.5772184526876
60096.61005975848 351.05911234373843
60096.61005975848 252.87283062509812
60096.61005975848 350.76426562199254
60096.61005975848 252.47097584111407
60096.61005975848 350.35062624222667
60096.61005975848 233.03234986273617
60096.61005975848 350.99014871170687
60096.61005975848 260.8045739028855
60096.61005975848 350.6769054993001
60096.61005975848 246.55533470201513
60096.61005975848 351.09697330222315
60096.61005975848 262.3977214833304
60096.61005975848 350.77988777620527
60096.61005975848 252.64186147529702
60096.61005975848 350.7360956134798
60096.61005975848 250.99813954845808
60096.61005975848 351.1822843112938
60096.61005975848 259.9903301626688
60096.61005975848 350.86374155436147
60096.61005975848 251.08420775625086
60096.61005975848 351.23186670543396
60096.61005975848 260.21060939263253
60096.61005975848 351.1266694000157
60096.61005975848 263.30652610409385
60096.61005975848 350.8069385657142
60096.61005975848 253.3073427159366
60096.61005975848 350.41605273544
60096.61005975848 240.24446264726663
60096.61005975848 351.09722115329384
60096.61005975848 260.19639321597003
60096.61005975848 350.74714320965063
60096.61005975848 251.18026316197353
60096.61005975848 350.91048819602776
60096.61005975848 246.81424916489743
60096.61005975848 351.1312144090724
60096.61005975848 259.4184313335127
60096.61005975848 351.5500942850123
60096.61005975848 262.38798067238986
60096.61005975848 351.551207501513
60096.61005975848 259.5990534387664
60096.61005975848 351.411412284891
60096.61005975848 266.52944334164783
60096.61005975848 350.7252161351495
60096.61005975848 252.89054655903507
60096.61005975848 350.9049036382755
60096.61005975848 248.3424392023644
60096.61005975848 351.3036353210384
60096.61005975848 268.3548387500273
60096.61005975848 350.83146166563057
60096.61005975848 248.94679032237278
60096.61005975848 350.99805428792985
60096.61005975848 254.41364145480236
60096.61005975848 350.78853183462536
60096.61005975848 249.89701107048714
60096.61005975848 350.86381760620225
60096.61005975848 251.98684145325413
60096.61005975848 350.5980675886085
60096.61005975848 240.75312182361208
60096.61005975848 350.6129971041438
60096.61005975848 247.18161950551334
60096.61005975848 350.7047469429265
60096.61005975848 244.0469991552469
60096.61005975848 350.8145996116596
60096.61005975848 249.18264146367636
60096.61005975848 351.57980605396017
60096.61005975848 277.17888951586775
60096.61005975848 351.4548519138957
60096.61005975848 262.51311668742545
60096.61005975848 350.9166920722854
60096.61005975848 260.21413707847285
60096.61005975848 350.8362334627224
60096.61005975848 247.6683874472046
60096.61005975848 350.8614951987371
60096.61005975848 250.69027227025384
60096.61005975848 350.95757867745306
60096.61005975848 248.48282990704178
60096.61005975848 351.05221752140415
60096.61005975848 255.2104979125279
60096.61005975848 350.34958043185725
60096.61005975848 239.81146246625707
60096.61005975848 350.4595916098432
60096.61005975848 240.60393350288354
60096.61005975848 350.7821050652831
60096.61005975848 242.3977233924416
60096.61005975848 350.63384307486047
60096.61005975848 246.54709849879808
60096.61005975848 350.7770324748403
60096.61005975848 248.82478171045588
60096.61005975848 350.94042447671563
60096.61005975848 253.31704703986037
60096.61005975848 350.6573426199623
60096.61005975848 243.1755769026417
60096.61005975848 350.6901386368784
60096.61005975848 247.7244153035353
60096.61005975848 350.8471951577794
60096.61005975848 250.85432607997524
60096.61005975848 350.6760420699612
60096.61005975848 242.6042973616278
60096.61005975848 350.6543859588665
60096.61005975848 245.04171255664693
60096.61005975848 350.45872496333226
60096.61005975848 240.33514205949808
60096.61005975848 350.40615200633147
60096.61005975848 236.98334866091477
60096.61005975848 350.83683329699534
60096.61005975848 254.95451866257594
60096.61005975848 350.7339565717937
60096.61005975848 253.3928184979788
60096.61005975848 350.2160401544598
60096.61005975848 232.16450930513713
60096.61005975848 350.833430473137
60096.61005975848 251.84882254107208
60096.61005975848 351.0209834824181
60096.61005975848 261.35969424100625
60096.61005975848 350.5924971228464
60096.61005975848 247.7792381515557
60096.61005975848 350.75828394715734
60096.61005975848 254.89838007765002
60096.61005975848 350.8186113015706
60096.61005975848 256.0154238742783
60096.61005975848 351.13771422799164
60096.61005975848 256.5756672610239
60096.61005975848 350.7189539025784
60096.61005975848 254.267883632691
60096.61005975848 350.86040803788524
60096.61005975848 246.55370154187545
60096.61005975848 351.0978422715979
60096.61005975848 255.00488779759164
60096.61005975848 350.94093260081036
60096.61005975848 255.06164511397617
60096.61005975848 350.98373278144925
60096.61005975848 248.44708074663149
60096.61005975848 350.90547048733833
60096.61005975848 239.81480239967445
60096.61005975848 351.23788254002676
60096.61005975848 266.0104909141576
60096.61005975848 351.2931134168977
60096.61005975848 260.5560339759247
60096.61005975848 350.7965195540718
60096.61005975848 252.14187280203748
60096.61005975848 350.6177444311829
60096.61005975848 249.75423265387963
60096.61005975848 351.04415555611826
60096.61005975848 256.5061298382048
60096.61005975848 350.54857869313184
60096.61005975848 253.1251112600506
60096.61005975848 350.81846176799604
60096.61005975848 252.52459795683012
60096.61005975848 351.04374822003774
60096.61005975848 263.9907124006679
60096.61005975848 350.938364451701
60096.61005975848 254.9774900575665
60096.61005975848 351.72421824897106
60096.61005975848 279.0363744657491
60096.61005975848 350.9763499361987
60096.61005975848 258.69807255282467
60096.61005975848 350.89584298919317
60096.61005975848 257.6767513331828
60096.61005975848 350.5099362117106
60096.61005975848 243.8014181055769
60096.61005975848 349.74714082990204
60096.61005975848 232.4138408971359
60096.61005975848 350.72839525670946
60096.61005975848 254.47214223246675
60096.61005975848 350.7069407684129
60096.61005975848 244.8465238548368
60096.61005975848 350.88055051084586
60096.61005975848 249.29833233679472
60096.61005975848 351.06586415122814
60096.61005975848 257.5534157858417
60096.61005975848 351.0954152194554
60096.61005975848 251.59273400362343
60096.61005975848 351.0349281505321
60096.61005975848 258.9004970261653
60096.61005975848 351.3168672325096
60096.61005975848 263.2416322358624
60096.61005975848 350.7716881630306
60096.61005975848 246.1442974095432
60096.61005975848 350.8108326191308
60096.61005975848 247.41764710521994
60096.61005975848 350.963829302356
60096.61005975848 259.21148610819466
60096.61005975848 351.3716655910544
60096.61005975848 271.00637484198796
60096.61005975848 350.79342279588616
60096.61005975848 247.7870766978129
60096.61005975848 351.00162037236123
60096.61005975848 254.70076884390022
60096.61005975848 350.4484874700685
60096.61005975848 234.7631825845905
60096.61005975848 350.0893479691545
60096.61005975848 234.15185335227545
60096.61005975848 350.88372485919
60096.61005975848 247.98040048174843
60096.61005975848 350.17554844475774
60096.61005975848 239.62250686632814
60096.61005975848 350.40275275008474
60096.61005975848 245.43213822790818
60096.61005975848 351.2243875565596
60096.61005975848 260.948159789258
60096.61005975848 351.23632490455896
60096.61005975848 265.6759816536437
60096.61005975848 351.05767757560136
60096.61005975848 255.1251335530681
60096.61005975848 351.06760743288373
60096.61005975848 259.1674115947053
60096.61005975848 350.88415775821045
60096.61005975848 260.7287197934923
60096.61005975848 350.8119167396487
60096.61005975848 246.31403242142642
60096.61005975848 350.7483173845729
60096.61005975848 252.17054191668473
60096.61005975848 350.76717998266474
60096.61005975848 252.1697354824614
60096.61005975848 350.8501478065036
60096.61005975848 252.72895231957312
60096.61005975848 350.75187717571845
60096.61005975848 247.1385186078341
60096.61005975848 351.25916926699
60096.61005975848 261.54979109779515
60096.61005975848 350.3261853565434
60096.61005975848 238.46101179731212
60096.61005975848 350.49294528140405
60096.61005975848 239.26806558723567
60096.61005975848 350.9615792022024
60096.61005975848 254.003362599218
60096.61005975848 350.9403916175501
60096.61005975848 260.4746198932005
60096.61005975848 351.05872471849716
60096.61005975848 255.83095527551708
60096.61005975848 351.0268249724953
60096.61005975848 257.49882990482604
60096.61005975848 351.1309127542121
60096.61005975848 258.8092847024791
60096.61005975848 350.5152883123637
60096.61005975848 234.0058650727498
60096.61005975848 350.55824517247584
60096.61005975848 243.71635233208983
60096.61005975848 350.5884679020161
60096.61005975848 248.1438304932883
60096.61005975848 350.7477447990204
60096.61005975848 243.89987409294488
60096.61005975848 350.81004975663257
60096.61005975848 250.45676913774247
60096.61005975848 350.7359529810092
60096.61005975848 246.94589534449494
60096.61005975848 351.07834281084695
60096.61005975848 252.93970182929013
60096.61005975848 350.94108161176905
60096.61005975848 247.5394306363113
60096.61005975848 350.5694822357993
60096.61005975848 249.6953834425588
60096.61005975848 351.06154735380653
60096.61005975848 251.95795558370898
60096.61005975848 351.0032218635222
60096.61005975848 255.5086995886482
60096.61005975848 350.7659511328142
60096.61005975848 243.85044013139915
60096.61005975848 350.5591357678645
60096.61005975848 234.37613678403218
60096.61005975848 351.24668673359434
60096.61005975848 264.0971519159352
60096.61005975848 350.35715413963067
60096.61005975848 237.75234396773925
60096.61005975848 350.75694122972413
60096.61005975848 251.00479654037855
60096.61005975848 351.2903071350795
60096.61005975848 265.21398240423343
60096.61005975848 351.192918581982
60096.61005975848 253.0745095400464
60096.61005975848 350.77883177447467
60096.61005975848 251.14022254862618
60096.61005975848 351.1191655697494
60096.61005975848 254.63892943029907
60096.61005975848 350.8704655055791
60096.61005975848 250.57249445385708
60096.61005975848 350.84622033654443
60096.61005975848 254.02852757281062
60096.67047921964 351.12072200383983
60096.67047921964 260.50409800800736
60096.67047921964 350.18050829294236
60096.67047921964 237.28474684948446
60096.67047921964 351.50624476013155
60096.67047921964 267.1345766056693
60096.67047921964 350.99455875370575
60096.67047921964 259.6789593499411
60096.67047921964 351.25053217225104
60096.67047921964 260.84137105884906
60096.67047921964 350.8517857001329
60096.67047921964 247.7303970751895
60096.67047921964 350.8397048724472
60096.67047921964 252.7783918202207
60096.67047921964 351.13633863027707
60096.67047921964 257.6400580681261
60096.67047921964 350.4796800739292
60096.67047921964 239.84684370101425
60096.67047921964 351.42093898843143
60096.67047921964 268.75677350353845
60096.67047921964 350.74178592432105
60096.67047921964 255.1629913381646
60096.67047921964 350.89936774537375
60096.67047921964 255.1223285481666
60096.67047921964 350.1444339366962
60096.67047921964 238.80638317183826
60096.67047921964 350.51055685563824
60096.67047921964 249.39670911542927
60096.67047921964 350.6962704183504
60096.67047921964 253.4517658068966
60096.67047921964 350.48328869701385
60096.67047921964 239.4955626547557
60096.67047921964 350.4856129391604
60096.67047921964 243.05999616386543
60096.67047921964 350.2043254111687
60096.67047921964 245.2820265642639
60096.67047921964 350.35254848654137
60096.67047921964 243.35154419674555
60096.67047921964 350.66093444762055
60096.67047921964 258.23528265620564
60096.67047921964 350.24170952157294
60096.67047921964 250.49833678202543
60096.67047921964 350.6767111174114
60096.67047921964 259.12976973808156
60096.67047921964 350.5714543588688
60096.67047921964 252.8800227453289
60096.67047921964 350.6778374912394
60096.67047921964 255.55384041153
60096.67047921964 350.20777503413626
60096.67047921964 250.16475692393243
60096.67047921964 350.13492876078385
60096.67047921964 248.30672616979768
60096.67047921964 349.88878814508513
60096.67047921964 238.45958271331017
60096.67047921964 350.22688059644327
60096.67047921964 252.70534462792313
60096.67047921964 350.3016400170378
60096.67047921964 254.2135117016958
