myPythonProg/jw02722-o003_t001_niriss_clear-gr700xd-substrip256_whtlt.ecsv
# %ECSV 1.0
# ---
# datatype:
# - {name: MJD, datatype: float64}
# - {name: whitelight_flux, datatype: float64}
# meta: !!omap
# - {instrument: NIRISS}
# - {detector: NIS}
# - {exp_type: NIS_SOSS}
# - {subarray: SUBSTRIP256}
# - {filter: CLEAR}
# - {pupil: GR700XD}
# - {target_name: K2-18}
# - {number_of_integrations: 1296}
# schema: astropy-2.0
MJD whitelight_flux
[from data line 439]
60096.67047921964 265.02829433882437
60096.67047921964 350.2145193486134
60096.67047921964 251.08931944133357
60096.67047921964 349.8948590189513
60096.67047921964 244.9977402105722
60096.67047921964 349.80062921595896
60096.67047921964 246.8058833106856
60096.67047921964 349.6431852079695
60096.67047921964 239.96088398312162
60096.67047921964 350.17990331848887
60096.67047921964 255.8788027943658
60096.67047921964 350.2001856685422
60096.67047921964 258.4385976875222
60096.67047921964 349.2183553447425
60096.67047921964 224.20641514520145
60096.67047921964 350.15344946120547
60096.67047921964 260.2608237436361
60096.67047921964 350.2698449662091
60096.67047921964 253.12120883000725
60096.67047921964 349.62273544082433
60096.67047921964 239.40973378925418
60096.67047921964 350.0645794102939
60096.67047921964 250.19209511777325
60096.67047921964 350.15947848929045
60096.67047921964 248.4947379775508
60096.67047921964 349.9480142026822
60096.67047921964 256.19326304184835
60096.67047921964 350.25371376134814
60096.67047921964 254.4453997736607
60096.67047921964 349.9574353687524
60096.67047921964 249.90435825148646
60096.67047921964 350.0851716131219
60096.67047921964 249.04312281763208
60096.67047921964 349.9122863341364
60096.67047921964 248.53541474152433
60096.67047921964 349.93967040595453
60096.67047921964 248.05885665475944
60096.67047921964 350.3322259164345
60096.67047921964 258.42474797101977
60096.67047921964 349.67926783810435
60096.67047921964 242.7132246495669
60096.67047921964 350.31528248392965
60096.67047921964 260.04946860696714
60096.67047921964 350.5843120825166
60096.67047921964 267.0853907346975
60096.67047921964 349.7913983805938
60096.67047921964 242.0994871945443
60096.67047921964 349.81094638169395
60096.67047921964 249.57840833941003
60096.67047921964 350.11655657185145
60096.67047921964 256.91840975336464
60096.67047921964 349.56823791410716
60096.67047921964 244.73021037636474
60096.67047921964 349.8487860800459
60096.67047921964 250.91093925656392
60096.67047921964 350.291404780611
60096.67047921964 256.8839254616538
60096.67047921964 349.88553293331285
60096.67047921964 245.49146247060048
60096.67047921964 349.982401200275
60096.67047921964 255.46780505511285
60096.67047921964 349.69561590402714
60096.67047921964 243.99857146490166
60096.67047921964 350.25947279755144
60096.67047921964 262.7306719843095
60096.67047921964 350.068408654764
60096.67047921964 258.5129671953447
60096.67047921964 350.20062588629565
60096.67047921964 261.224695266866
60096.67047921964 350.0146353679212
60096.67047921964 260.50952536941827
60096.67047921964 349.97470335816314
60096.67047921964 253.2249592725155
60096.67047921964 350.2378973338974
60096.67047921964 265.9188266246382
60096.67047921964 348.6904895688213
60096.67047921964 228.05657133654347
60096.67047921964 350.25050528275483
60096.67047921964 255.16058682001216
60096.67047921964 349.9591658423037
60096.67047921964 256.014371856504
60096.67047921964 349.8003511047048
60096.67047921964 245.20738009171777
60096.67047921964 349.49272262499505
60096.67047921964 240.44094956781294
60096.67047921964 349.6271054084767
60096.67047921964 236.5786355185208
60096.67047921964 350.1088002250473
60096.67047921964 262.16748502694384
60096.67047921964 349.6886012020669
60096.67047921964 247.41309467208922
60096.67047921964 349.78399732111825
60096.67047921964 248.06459901800173
60096.67047921964 349.6770001242268
60096.67047921964 251.67018580160038
60096.67047921964 349.5197345073531
60096.67047921964 245.46923058478563
60096.67047921964 349.7257092415738
60096.67047921964 242.6161839213256
60096.67047921964 349.7526333336562
60096.67047921964 245.3994848823057
60096.67047921964 350.1859857020662
60096.67047921964 262.90289205970885
60096.67047921964 350.0109196918311
60096.67047921964 254.2434761029309
60096.67047921964 349.5895256739073
60096.67047921964 241.8131278425226
60096.67047921964 349.1896241749917
60096.67047921964 228.0336073066421
60096.67047921964 350.316828223687
60096.67047921964 257.1852780512029
60096.67047921964 349.60789981820017
60096.67047921964 245.44632239417814
60096.67047921964 350.2664572998708
60096.67047921964 264.7406203903116
60096.67047921964 349.43190506483836
60096.67047921964 241.34686839129517
60096.67047921964 349.8959279203027
60096.67047921964 250.95829603025726
60096.67047921964 349.5879787365095
60096.67047921964 246.57236448811682
60096.67047921964 350.1364184976304
60096.67047921964 259.888789862307
60096.67047921964 349.9457419975588
60096.67047921964 253.6609711627039
60096.67047921964 349.85104742354997
60096.67047921964 249.53668535047703
60096.67047921964 350.0515071757908
60096.67047921964 256.9804097758433
60096.67047921964 349.5584963844418
60096.67047921964 241.30703237337895
60096.67047921964 349.9198600173501
60096.67047921964 254.7452789410071
60096.67047921964 349.4846065828259
60096.67047921964 249.44286374751567
60096.67047921964 350.10814750137433
60096.67047921964 256.6010213294882
60096.67047921964 350.19781309807496
60096.67047921964 257.8039097257415
60096.67047921964 349.82067155500806
60096.67047921964 248.64317812851004
60096.67047921964 349.79867262485084
60096.67047921964 250.84001784341547
60096.67047921964 350.351650996718
60096.67047921964 270.726461436557
60096.67047921964 350.4116079557375
60096.67047921964 259.18174264616994
60096.67047921964 349.6266075876721
60096.67047921964 243.28843623908048
60096.67047921964 349.86475386820416
60096.67047921964 246.3894104221823
60096.67047921964 349.87490930123676
60096.67047921964 246.3597521448999
60096.67047921964 350.24616422939414
60096.67047921964 259.1857507049515
60096.67047921964 350.1969103108883
60096.67047921964 260.9256372303929
60096.67047921964 350.0096028097789
60096.67047921964 256.4399991488125
60096.67047921964 349.02423181328925
60096.67047921964 231.49288288579103
60096.67047921964 349.6219315048907
60096.67047921964 242.1741452312122
60096.67047921964 349.78218391436246
60096.67047921964 240.90199060427625
60096.67047921964 350.31827184438305
60096.67047921964 262.33410537658705
60096.67047921964 349.9319311097221
60096.67047921964 249.31735790652596
60096.67047921964 350.1283056687328
60096.67047921964 264.40143314335705
60096.67047921964 349.905624201421
60096.67047921964 252.127257964669
60096.67047921964 349.60668240926327
60096.67047921964 243.50107924603572
60096.67047921964 350.3787682952046
60096.67047921964 264.51060015925816
60096.67047921964 349.6883170328323
60096.67047921964 246.3368203878889
60096.67047921964 349.4985872985748
60096.67047921964 243.83464409652325
60096.67047921964 349.9918144186454
60096.67047921964 248.30892084564567
60096.67047921964 349.55829875136703
60096.67047921964 247.65463721357753
60096.67047921964 349.6458379519952
60096.67047921964 239.90973474152113
60096.67047921964 349.4203078315313
60096.67047921964 243.3701411596583
60096.67047921964 349.66629813259306
60096.67047921964 245.4219171339873
60096.67047921964 349.83403919614284
60096.67047921964 253.51407894751185
60096.67047921964 349.2660687400995
60096.67047921964 234.5323405526268
60096.67047921964 350.1017562290733
60096.67047921964 260.7280542142314
60096.67047921964 350.5327848908922
60096.67047921964 268.0765474062536
60096.67047921964 349.9962812758311
60096.67047921964 258.7213958968782
60096.67047921964 349.43427870811024
60096.67047921964 243.21987556674398
60096.67047921964 349.70251621875116
60096.67047921964 252.7000697149173
60096.67047921964 350.1937195850759
60096.67047921964 262.4007416917612
60096.67047921964 349.1131451670291
60096.67047921964 240.56084630843128
60096.67047921964 349.721710677741
60096.67047921964 251.1867900771321
60096.67047921964 349.1330767964271
60096.67047921964 228.93675645682364
60096.67047921964 349.85200740185167
60096.67047921964 254.3012283459828
60096.67047921964 349.6507948795157
60096.67047921964 253.24028455140495
60096.67047921964 350.0865109287269
60096.67047921964 260.0660332224615
60096.67047921964 349.18446945222644
60096.67047921964 236.46433618096182
60096.67047921964 350.0475848086014
60096.67047921964 253.75270349567188
60096.67047921964 349.9324999610569
60096.67047921964 253.92757580989894
60096.67047921964 349.56495069988887
60096.67047921964 241.59465540433519
60096.67047921964 349.90343857952695
60096.67047921964 254.47524527528458
60096.67047921964 349.8933822545447
60096.67047921964 255.38975370632434
60096.67047921964 349.9838890881019
60096.67047921964 256.6808750314517
60096.67047921964 350.1255813348428
60096.67047921964 257.2385217214592
60096.67047921964 349.82216848039263
60096.67047921964 253.23932159852413
60096.67047921964 349.9344522452034
60096.67047921964 256.03356101250193
60096.67047921964 349.33719598799973
60096.67047921964 245.19526369578347
60096.67047921964 349.86564199874783
60096.67047921964 251.97685746597648
60096.67047921964 350.0961665970975
60096.67047921964 258.1059274239716
60096.67047921964 349.70975360695127
60096.67047921964 246.98373785675477
60096.67047921964 349.80060321851823
60096.67047921964 252.12064797625428
60096.67047921964 350.07230628309674
60096.67047921964 258.52705571509046
60096.67047921964 349.9243788283671
60096.67047921964 251.60475619743093
60096.67047921964 350.1280251789759
60096.67047921964 254.58889829837182
60096.67047921964 350.59722225671686
60096.67047921964 268.5494599751097
60096.67047921964 350.2876002110223
60096.67047921964 265.3122872287263
60096.67047921964 349.6140039445904
60096.67047921964 247.2561320250616
60096.67047921964 350.19760353921185
60096.67047921964 255.33540307125168
60096.67047921964 349.71526350103215
60096.67047921964 242.26464366546213
60096.67047921964 350.2011698689443
60096.67047921964 265.24606508434334
60096.67047921964 350.24656786050207
60096.67047921964 259.52219169392833
60096.67047921964 349.16430765293273
60096.67047921964 224.91910278208502
60096.67047921964 350.10795147448573
60096.67047921964 252.23871178554816
60096.67047921964 349.7406040888849
60096.67047921964 247.0048149147464
60096.67047921964 349.81757086884693
60096.67047921964 250.1397168285718
60096.67047921964 349.9741158975004
60096.67047921964 253.9141910829424
60096.67047921964 349.9613516908568
60096.67047921964 253.82277866380429
60096.67047921964 350.0052496528115
60096.67047921964 255.3241827424319
60096.67047921964 350.20764268801133
60096.67047921964 266.7869618853542
60096.67047921964 349.5718804918516
60096.67047921964 242.23340478541274
60096.67047921964 349.707639823411
60096.67047921964 250.88150710991806
60096.67047921964 349.6988558499389
60096.67047921964 250.61759059099182
60096.67047921964 349.84638482086626
60096.67047921964 252.6067352447577
60096.67047921964 349.83748027907956
60096.67047921964 246.795766020045
60096.67047921964 349.93920164606686
60096.67047921964 253.99352021776122
60096.67047921964 350.10316227611213
60096.67047921964 262.0190440034852
60096.67047921964 349.3297425269605
60096.67047921964 240.7409020186069
60096.67047921964 349.7594438411244
60096.67047921964 250.09884137045213
60096.67047921964 349.91347810864954
60096.67047921964 255.5959262703469
60096.67047921964 349.49714706296703
60096.67047921964 239.77422770033914
60096.67047921964 349.65173873463124
60096.67047921964 241.51660025932455
60096.67047921964 350.01598771105193
60096.67047921964 249.99350320025295
60096.67047921964 350.12113893220703
60096.67047921964 259.5113530273335
60096.67047921964 350.0560215954761
60096.67047921964 258.46238764410464
60096.67047921964 349.2968463271699
60096.67047921964 241.24868959124433
60096.67047921964 350.78524503121855
60096.67047921964 274.1781545206998
60096.67047921964 349.8702466384795
60096.67047921964 252.5601409010455
60096.7308986808 349.5046675393001
60096.7308986808 238.31272737477417
60096.7308986808 349.8879058470344
60096.7308986808 250.8497704820739
60096.7308986808 350.0997126752552
60096.7308986808 263.749847560567
60096.7308986808 349.56896387217273
60096.7308986808 245.72631002200444
60096.7308986808 350.1885327135141
60096.7308986808 262.67310684565336
60096.7308986808 349.9353355792221
60096.7308986808 254.93885912826437
60096.7308986808 350.2317655984954
60096.7308986808 270.42830395563544
60096.7308986808 350.5072834710311
60096.7308986808 272.5060347991304
60096.7308986808 350.04823844822903
60096.7308986808 251.71928837575842
60096.7308986808 350.04161514445605
60096.7308986808 258.85044550061133
60096.7308986808 350.0209248318248
60096.7308986808 259.58940989009733
60096.7308986808 350.05905159160983
60096.7308986808 257.06968121980117
60096.7308986808 349.89167156045255
60096.7308986808 248.88657830577466
60096.7308986808 349.6220926499269
60096.7308986808 247.09757878243806
60096.7308986808 350.2196383161164
60096.7308986808 259.3710479018468
60096.7308986808 349.77534403445793
60096.7308986808 247.35366459706148
60096.7308986808 349.4954287530736
60096.7308986808 240.22365097233225
60096.7308986808 349.6422579866694
60096.7308986808 256.5732405237087
60096.7308986808 350.17306636998154
60096.7308986808 262.4815465711358
60096.7308986808 349.575187329155
60096.7308986808 257.82014119094947
60096.7308986808 350.0774065840575
60096.7308986808 260.53788039855874
60096.7308986808 349.8119716898892
60096.7308986808 252.57155312749654
60096.7308986808 349.7419702366853
60096.7308986808 244.86323696063815
60096.7308986808 349.66754707617406
60096.7308986808 250.47057996254273
60096.7308986808 350.2773309719099
60096.7308986808 258.9294841991301
60096.7308986808 349.66344886185374
60096.7308986808 248.0834126358485
60096.7308986808 350.28091683311237
60096.7308986808 268.0524785908847
60096.7308986808 349.53764796416044
60096.7308986808 237.42438495968045
60096.7308986808 349.68130316705214
60096.7308986808 247.22354636130018
60096.7308986808 349.5590397707622
60096.7308986808 248.83026343790306
60096.7308986808 349.69038630450996
60096.7308986808 255.41857914249533
60096.7308986808 349.4070514530398
60096.7308986808 241.56749938088134
60096.7308986808 349.57684325036485
60096.7308986808 240.5239009351536
60096.7308986808 349.6701581806464
60096.7308986808 246.35889946049392
60096.7308986808 349.35139056285794
60096.7308986808 231.02968479664588
60096.7308986808 349.75599278904565
60096.7308986808 242.68394582900473
60096.7308986808 349.9138125564157
60096.7308986808 254.37116705831738
60096.7308986808 349.9474814510138
60096.7308986808 260.3908961897339
60096.7308986808 349.68549514974
60096.7308986808 247.74327197826824
60096.7308986808 350.28414081238685
60096.7308986808 266.0323570032395
60096.7308986808 349.98282341628465
60096.7308986808 252.0168339079135
60096.7308986808 350.012623210804
60096.7308986808 257.4522340961313
60096.7308986808 349.17757316682685
60096.7308986808 234.38940806445194
60096.7308986808 349.92559989883614
60096.7308986808 247.89428125025475
60096.7308986808 349.5965957948845
60096.7308986808 255.57043724372397
60096.7308986808 350.3272095496911
60096.7308986808 263.2155382141061
60096.7308986808 349.6863598978263
60096.7308986808 244.45972091109815
60096.7308986808 349.8224813076654
60096.7308986808 246.65772776341427
60096.7308986808 349.81268291782783
60096.7308986808 253.55551856894357
60096.7308986808 350.0459124053256
60096.7308986808 260.4024569079436
60096.7308986808 350.1329717160082
60096.7308986808 252.77993614118338
60096.7308986808 349.8210862959662
60096.7308986808 257.8691298425982
60096.7308986808 350.0454659456683
60096.7308986808 249.5261840445493
60096.7308986808 349.7802159435702
60096.7308986808 250.77310482328238
60096.7308986808 350.2879222879184
60096.7308986808 261.24667491544335
60096.7308986808 349.61268777954774
60096.7308986808 249.89756790647107
60096.7308986808 349.139392599677
60096.7308986808 235.22904740307163
60096.7308986808 349.96580767886934
60096.7308986808 253.33992079805546
60096.7308986808 349.35989198396067
60096.7308986808 241.65943300694212
60096.7308986808 349.6953967304713
60096.7308986808 248.6236193533997
